9.455185185185185
7.612037037037037
8.330555555555556
6.417407407407407
10.747962962962964
6.026481481481482
6.077592592592593
8.020740740740742
12.842592592592593
7.428148148148148
6.279259259259259
5.985555555555556
6.7972222222222225
6.523888888888889
9.129814814814814
7.4874074074074075
6.149074074074074
5.9725925925925925
7.058148148148148
6.835740740740741
6.7787037037037035
5.3042592592592595
5.937222222222222
4.6157407407407405
5.8912962962962965
6.486481481481482
5.467407407407407
6.1685185185185185
8.222037037037037
6.202222222222222
6.481296296296296
5.650740740740741
5.979814814814815
5.022592592592592
6.7535185185185185
7.343703703703704
6.4061111111111115
6.527962962962963
5.755740740740741
6.582777777777777
6.83037037037037
5.331296296296296
5.210925925925926
5.78462962962963
6.9457407407407405
5.565925925925926
5.131296296296297
5.217592592592593
5.617962962962963
5.2968518518518515
5.512037037037037
4.82462962962963
5.245925925925926
5.072037037037037
5.817407407407408
5.0287037037037035
5.99574074074074
5.466851851851852
4.737592592592593
5.307592592592592
5.329814814814815
5.365185185185185
5.5724074074074075
4.611111111111111
5.475740740740741
5.3207407407407405
4.834444444444444
4.408518518518519
4.597777777777778
5.793888888888889
4.675
5.462407407407407
5.175925925925926
4.427962962962963
4.407222222222222
3.842962962962963
4.28037037037037
4.605555555555555
4.595
5.340185185185185
4.562407407407408
5.0596296296296295
4.127037037037037
4.862777777777778
5.878148148148148
4.887037037037037
4.751296296296296
4.081851851851852
4.2790740740740745
4.827592592592593
4.574814814814815
4.099814814814815
4.678888888888889
3.8155555555555556
4.118888888888889
4.553333333333334
5.090740740740741
4.796296296296297
4.277037037037037
3.91962962962963
4.608148148148148
4.376111111111111
3.9718518518518517
4.7027777777777775
4.3261111111111115
4.324259259259259
4.042407407407407
4.5468518518518515
4.487037037037037
3.970740740740741
3.669259259259259
4.126111111111111
4.213148148148148
3.811111111111111
5.0851851851851855
4.0962962962962965
3.6894444444444443
3.3775925925925927
4.103518518518518
3.9014814814814813
3.8812962962962962
3.8385185185185184
3.6998148148148147
4.312777777777778
3.9066666666666667
3.7133333333333334
3.9318518518518517
4.047962962962963
3.8987037037037036
3.68537037037037
3.8177777777777777
4.030925925925926
3.2288888888888887
3.7690740740740742
3.2109259259259257
3.73
3.300925925925926
3.7385185185185184
3.6857407407407408
3.9316666666666666
4.438148148148148
4.249444444444444
3.5864814814814814
3.787037037037037
4.302962962962963
3.5503703703703704
3.7155555555555555
3.587037037037037
3.5294444444444446
3.2875925925925924
3.763888888888889
3.439074074074074
3.446111111111111
3.571296296296296
3.6198148148148146
3.092037037037037
3.4233333333333333
3.473888888888889
3.5294444444444446
3.0859259259259257
3.4448148148148148
3.278703703703704
3.415
3.05
3.493148148148148
3.618148148148148
3.565185185185185
3.4825925925925927
3.240925925925926
3.572962962962963
3.936111111111111
4.1722222222222225
3.145925925925926
3.388333333333333
3.094259259259259
3.4496296296296296
3.247777777777778
3.5396296296296295
3.6346296296296297
3.6240740740740742
3.5861111111111112
3.186851851851852
3.2333333333333334
3.4903703703703703
2.5842592592592593
3.1685185185185185
3.2264814814814815
3.1392592592592594
3.439814814814815
3.094259259259259
3.156851851851852
2.9411111111111112
2.9544444444444444
2.9335185185185186
3.1577777777777776
3.1440740740740742
2.975925925925926
3.45537037037037
3.002222222222222
2.9703703703703703
3.0183333333333335
3.0816666666666666
2.7374074074074075
3.1842592592592593
3.0003703703703706
2.959814814814815
3.246111111111111
2.910925925925926
2.8064814814814816
2.9048148148148147
2.8205555555555555
2.695925925925926
2.7642592592592594
3.006851851851852
2.911111111111111
3.0335185185185187
3.1324074074074075
2.8753703703703706
3.220740740740741
2.8794444444444443
2.738148148148148
2.9314814814814816
2.6437037037037037
3.006851851851852
3.052962962962963
2.9594444444444443
3.224074074074074
2.5375925925925924
2.963888888888889
2.8892592592592594
2.792777777777778
2.72537037037037
2.6077777777777778
2.8955555555555557
2.571111111111111
2.7492592592592593
3.0701851851851854
2.518148148148148
2.6174074074074074
2.728148148148148
2.479814814814815
2.7042592592592594
2.511296296296296
2.5498148148148148
2.8864814814814816
2.6666666666666665
2.7483333333333335
2.581111111111111
2.821296296296296
2.6822222222222223
2.8377777777777777
2.6592592592592594
2.658333333333333
2.859074074074074
2.5637037037037036
2.910740740740741
2.8759259259259258
2.5096296296296297
2.5624074074074072
2.582037037037037
2.39537037037037
2.803888888888889
2.341111111111111
2.2846296296296296
2.4340740740740743
2.2125925925925927
2.6494444444444443
2.5353703703703703
2.646851851851852
2.3687037037037038
2.3875925925925925
2.442037037037037
2.587037037037037
2.72
2.5009259259259258
2.388888888888889
2.5081481481481482
2.549259259259259
2.5914814814814813
2.330925925925926
3.017037037037037
2.577962962962963
2.401666666666667
2.214074074074074
2.2912962962962964
2.456111111111111
2.3472222222222223
2.527037037037037
2.7157407407407406
2.297037037037037
2.1664814814814815
2.4124074074074073
2.6174074074074074
2.477222222222222
2.415
2.466296296296296
2.2474074074074073
2.2855555555555553
2.3187037037037035
2.519814814814815
