51058
41105
44985
34654
58039
32543
32819
43312
69350
40112
33908
32322
36705
35229
49301
40432
33205
32252
38114
36913
36605
28643
32061
24925
31813
35027
29524
33310
44399
33492
34999
30514
32291
27122
36469
39656
34593
35251
31081
35547
36884
28789
28139
31237
37507
30056
27709
28175
30337
28603
29765
26053
28328
27389
31414
27155
32377
29521
25583
28661
28781
28972
30091
24900
29569
28732
26106
23806
24828
31287
25245
29497
27950
23911
23799
20752
23114
24870
24813
28837
24637
27322
22286
26259
31742
26390
25657
22042
23107
26069
24704
22139
25266
20604
22242
24588
27490
25900
23096
21166
24884
23631
21448
25395
23361
23351
21829
24553
24230
21442
19814
22281
22751
20580
27460
22120
19923
18239
22159
21068
20959
20728
19979
23289
21096
20052
21232
21859
21053
19901
20616
21767
17436
20353
17339
20142
17825
20188
19903
21231
23966
22947
19367
20450
23236
19172
20064
19370
19059
17753
20325
18571
18609
19285
19547
16697
18486
18759
19059
16664
18602
17705
18441
16470
18863
19538
19252
18806
17501
19294
21255
22530
16988
18297
16709
18628
17538
19114
19627
19570
19365
17209
17460
18848
13955
17110
17423
16952
18575
16709
17047
15882
15954
15841
17052
16978
16070
18659
16212
16040
16299
16641
14782
17195
16202
15983
17529
15719
15155
15686
15231
14558
14927
16237
15720
16381
16915
15527
17392
15549
14786
15830
14276
16237
16486
15981
17410
13703
16005
15602
15081
14717
14082
15636
13884
14846
16579
13598
14134
14732
13391
14603
13561
13769
15587
14400
14841
13938
15235
14484
15324
14360
14355
15439
13844
15718
15530
13552
13837
13943
12935
15141
12642
12337
13144
11948
14307
13691
14293
12791
12893
13187
13970
14688
13505
12900
13544
13766
13994
12587
16292
13921
12969
11956
12373
13263
12675
13646
14665
12404
11699
13027
14134
13377
13041
13318
12136
12342
12521
13607
