-36045.0
-28683.0
-30187.0
-22844.0
-42555.0
-20859.0
-20945.0
-29989.0
-50635.0
-27078.0
-21172.0
-21710.0
-24174.0
-23233.0
-33203.0
-26349.0
-21656.0
-20697.0
-26275.0
-24233.0
-24547.0
-17744.0
-18435.0
-14513.0
-20784.0
-22702.0
-18400.0
-21886.0
-32277.0
-22620.0
-22097.0
-19139.0
-20035.0
-16181.0
-24018.0
-24998.0
-22007.0
-23836.0
-20116.0
-20474.0
-25082.0
-17536.0
-16838.0
-19601.0
-25143.0
-18361.0
-17019.0
-17790.0
-19011.0
-17455.0
-18029.0
-15448.0
-17096.0
-15958.0
-16365.0
-16780.0
-17468.0
-17972.0
-14839.0
-16720.0
-16665.0
-17043.0
-19570.0
-15242.0
-18891.0
-16671.0
-15576.0
-14759.0
-14833.0
-19637.0
-15071.0
-17990.0
-16925.0
-13862.0
-14513.0
-11379.0
-12844.0
-14780.0
-15432.0
-17873.0
-13151.0
-17101.0
-13235.0
-14807.0
-20891.0
-13609.0
-13717.0
-11270.0
-12792.0
-15670.0
-14388.0
-11406.0
-14209.0
-10419.0
-12332.0
-14087.0
-16173.0
-14708.0
-11456.0
-11148.0
-14761.0
-12272.0
-11849.0
-14598.0
-13795.0
-11721.0
-11628.0
-13768.0
-13077.0
-10062.0
-10400.0
-12242.0
-12866.0
-10834.0
-14712.0
-12023.0
-10294.0
-9189.0
-12472.0
-11773.0
-11493.0
-11436.0
-10565.0
-13716.0
-11521.0
-10529.0
-11116.0
-12148.0
-10564.0
-10890.0
-10543.0
-10569.0
-8253.0
-10958.0
-9098.0
-9702.0
-9334.0
-11162.0
-10149.0
-11195.0
-12446.0
-11880.0
-9335.0
-10672.0
-12721.0
-9372.0
-10165.0
-10666.0
-9423.0
-8726.0
-10658.0
-9715.0
-9265.0
-9988.0
-10555.0
-8469.0
-9345.0
-9949.0
-9245.0
-8121.0
-8135.0
-8183.0
-8952.0
-7678.0
-9867.0
-10186.0
-9002.0
-9199.0
-8482.0
-10064.0
-11327.0
-12680.0
-7918.0
-7995.0
-7805.0
-9443.0
-8287.0
-8324.0
-8651.0
-9493.0
-8795.0
-7384.0
-8447.0
-8129.0
-5787.0
-7587.0
-8259.0
-8337.0
-8560.0
-7780.0
-7603.0
-6574.0
-6865.0
-7289.0
-8008.0
-7368.0
-6969.0
-8046.0
-7611.0
-7665.0
-7324.0
-7819.0
-6299.0
-8873.0
-6047.0
-7071.0
-6616.0
-6567.0
-6545.0
-6905.0
-6263.0
-6154.0
-6406.0
-7947.0
-6267.0
-7158.0
-7315.0
-6992.0
-7920.0
-7419.0
-6302.0
-7051.0
-6409.0
-7697.0
-6293.0
-7100.0
-7236.0
-5872.0
-7066.0
-6664.0
-6622.0
-6237.0
-5668.0
-6709.0
-6034.0
-6274.0
-6832.0
-5749.0
-6012.0
-5497.0
-5481.0
-5566.0
-5286.0
-5977.0
-6240.0
-5873.0
-6322.0
-5923.0
-6962.0
-5484.0
-6633.0
-6037.0
-5664.0
-6956.0
-5875.0
-6533.0
-5157.0
-5269.0
-5325.0
-5374.0
-5182.0
-6389.0
-4810.0
-5216.0
-4978.0
-4711.0
-6180.0
-5359.0
-5807.0
-4535.0
-4983.0
-5035.0
-6084.0
-6167.0
-5783.0
-4600.0
-4521.0
-5058.0
-5543.0
-4690.0
-5878.0
-5967.0
-5245.0
-4265.0
-4930.0
-5001.0
-5036.0
-4797.0
-6078.0
-4269.0
-4624.0
-4914.0
-6165.0
-5351.0
-5202.0
-5281.0
-4180.0
-4564.0
-4362.0
-4949.0
