-32098.0
-21480.0
-28981.0
-34161.0
-29092.0
-29380.0
-24380.0
-22237.0
-28841.0
-27627.0
-22267.0
-30946.0
-17631.0
-30068.0
-26759.0
-16612.0
-41097.0
-24179.0
-24560.0
-18676.0
-18904.0
-19295.0
-22025.0
-27010.0
-32346.0
-17946.0
-19433.0
-22500.0
-31949.0
-20563.0
-17423.0
-41939.0
-32916.0
-17587.0
-13863.0
-22830.0
-16950.0
-20576.0
-17735.0
-19350.0
-22757.0
-22344.0
-20637.0
-17700.0
-18292.0
-18040.0
-20560.0
-20508.0
-19079.0
-18984.0
-19845.0
-18267.0
-15673.0
-15934.0
-20333.0
-17041.0
-20278.0
-20736.0
-16406.0
-17910.0
-22011.0
-19684.0
-16593.0
-17796.0
-15654.0
-15897.0
-14838.0
-16135.0
-14345.0
-13922.0
-13645.0
-16757.0
-16920.0
-16418.0
-13906.0
-14506.0
-14742.0
-12617.0
-14931.0
-12593.0
-11440.0
-13463.0
-12399.0
-12531.0
-14602.0
-13116.0
-10372.0
-14708.0
-12531.0
-13435.0
-12454.0
-12530.0
-15197.0
-13542.0
-12898.0
-16187.0
-13793.0
-13602.0
-13084.0
-14691.0
-12052.0
-10976.0
-10996.0
-12935.0
-11452.0
-16627.0
-13645.0
-9690.0
-11152.0
-12137.0
-14499.0
-11091.0
-16264.0
-12461.0
-9838.0
-14046.0
-10798.0
-11209.0
-8689.0
-10845.0
-13234.0
-10793.0
-11967.0
-9873.0
-9320.0
-11113.0
-10209.0
-10962.0
-13802.0
-11313.0
-10288.0
-8097.0
-10835.0
-11105.0
-11655.0
-11848.0
-11724.0
-12715.0
-10342.0
-10659.0
-11652.0
-10823.0
-10526.0
-11121.0
-11542.0
-10197.0
-10061.0
-10787.0
-10612.0
-9989.0
-10699.0
-10829.0
-9651.0
-8377.0
-8719.0
-9392.0
-8451.0
-8988.0
-10399.0
-9549.0
-9947.0
-8561.0
-9995.0
-11690.0
-9876.0
-8859.0
-9697.0
-8710.0
-9731.0
-8312.0
-8310.0
-9183.0
-8143.0
-7518.0
-10611.0
-8116.0
-8222.0
-9391.0
-7994.0
-9360.0
-8122.0
-8617.0
-9435.0
-7411.0
-8881.0
-9277.0
-7466.0
-8183.0
-7872.0
-7102.0
-8407.0
-6656.0
-6611.0
-8678.0
-6806.0
-7320.0
-7755.0
-10059.0
-7406.0
-8161.0
-6737.0
-7684.0
-7095.0
-7337.0
-7976.0
-7505.0
-7956.0
-7697.0
-7202.0
-7453.0
-6720.0
-6675.0
-7236.0
-6515.0
-6947.0
-7015.0
-6895.0
-7195.0
-7259.0
-5849.0
-8052.0
-7443.0
-7154.0
-6376.0
-6757.0
-7940.0
-7208.0
-5282.0
-6378.0
-5910.0
-7375.0
-6118.0
-5609.0
-6489.0
-6474.0
-5985.0
-6329.0
-5492.0
-5877.0
-7088.0
-5508.0
-6162.0
-5981.0
-6726.0
-5308.0
-6001.0
-5041.0
-4648.0
-5424.0
-5896.0
-5255.0
-5174.0
-7048.0
-6115.0
-5138.0
-6271.0
-6087.0
-6946.0
-5251.0
-5533.0
-6091.0
-5611.0
-5889.0
-5089.0
-5463.0
-5353.0
-5514.0
-5318.0
-4990.0
-4435.0
-5641.0
-4883.0
-5724.0
-4433.0
-4985.0
-5126.0
-4923.0
-5148.0
-5543.0
-4723.0
-4186.0
-4538.0
-4363.0
-5048.0
-4288.0
-4895.0
-4503.0
-4938.0
-5311.0
-4423.0
-4579.0
-5010.0
-4585.0
-5644.0
-5723.0
-5218.0
-4474.0
-4403.0
-4875.0
-4385.0
