8.722407407407408
6.256481481481481
8.02425925925926
9.156666666666666
7.727962962962963
7.907037037037037
6.951296296296296
6.322962962962963
7.72
7.513148148148148
6.442777777777778
7.935925925925926
5.138888888888889
8.053333333333333
7.42962962962963
5.2898148148148145
10.52537037037037
6.785
6.989444444444445
5.6342592592592595
5.650925925925926
5.7101851851851855
6.7118518518518515
7.311481481481482
8.495925925925926
5.397222222222222
5.5938888888888885
6.452592592592593
8.2
5.953703703703703
5.202037037037037
11.053333333333333
8.688148148148148
5.155555555555556
4.518518518518518
6.938703703703704
5.2646296296296295
5.678333333333334
5.333148148148148
6.256851851851851
6.314074074074074
6.283518518518519
5.968518518518518
5.219074074074074
5.359629629629629
5.347962962962963
5.902037037037037
5.849259259259259
5.568518518518519
5.5542592592592595
5.986296296296296
5.538703703703704
4.947592592592593
5.1503703703703705
6.544814814814814
5.088888888888889
6.097962962962963
6.019629629629629
5.08925925925926
5.445
7.086111111111111
5.623703703703704
5.1651851851851855
5.162962962962963
4.917592592592593
4.9003703703703705
4.691666666666666
5.153888888888889
4.614629629629629
4.432407407407408
4.5414814814814815
4.948703703703703
5.2225925925925925
4.977037037037037
4.445185185185185
4.7192592592592595
4.71962962962963
4.142592592592592
4.572592592592593
4.239814814814815
4.242962962962963
4.42
4.038888888888889
4.178333333333334
4.706851851851852
4.7555555555555555
3.8614814814814813
4.606111111111111
4.12925925925926
4.293888888888889
4.099444444444444
4.175
4.568888888888889
4.7968518518518515
4.12462962962963
4.977777777777778
4.634814814814815
4.572222222222222
4.616481481481482
4.673518518518518
4.158518518518519
3.935925925925926
3.948703703703704
4.167037037037037
3.849074074074074
5.732222222222222
4.545740740740741
3.7757407407407406
3.889074074074074
4.482962962962963
4.605555555555555
3.7107407407407407
5.033703703703703
4.204814814814815
3.8516666666666666
4.605185185185185
3.9277777777777776
3.731851851851852
3.144814814814815
3.7883333333333336
4.200185185185185
3.9337037037037037
4.237592592592593
3.618148148148148
3.405
3.962222222222222
3.475925925925926
3.8559259259259258
4.867962962962963
3.917962962962963
3.805925925925926
3.520185185185185
3.7846296296296296
3.8625925925925926
3.8044444444444445
3.9344444444444444
3.986666666666667
3.980185185185185
3.535
3.753888888888889
4.303888888888889
3.7353703703703705
3.8175925925925926
3.883888888888889
4.072222222222222
3.856851851851852
3.596111111111111
3.7001851851851852
3.6637037037037037
3.5885185185185184
3.9187037037037036
3.8174074074074076
3.6055555555555556
3.220740740740741
3.3246296296296296
3.525
3.1296296296296298
3.2605555555555554
3.618333333333333
3.5011111111111113
3.7892592592592593
3.1905555555555556
3.5501851851851853
4.027222222222222
3.599074074074074
3.3285185185185187
3.593888888888889
3.3374074074074076
3.566851851851852
3.227037037037037
3.2816666666666667
3.4077777777777776
3.367037037037037
3.3733333333333335
3.8314814814814815
3.0612962962962964
3.2235185185185187
3.7914814814814815
3.4335185185185186
3.403703703703704
3.5125925925925925
3.6866666666666665
3.546111111111111
3.180740740740741
3.320925925925926
3.485
3.0794444444444444
3.1633333333333336
3.0044444444444443
2.8714814814814815
3.3394444444444447
2.8224074074074075
2.8740740740740742
3.2046296296296295
2.792962962962963
3.0881481481481483
3.147037037037037
3.9244444444444446
2.9635185185185184
3.1466666666666665
2.9003703703703705
2.908148148148148
3.1355555555555554
2.900185185185185
3.6044444444444443
2.9835185185185185
3.3024074074074075
3.1372222222222224
3.0285185185185184
3.1816666666666666
2.9631481481481483
2.7937037037037036
3.0281481481481483
2.7996296296296297
2.951111111111111
2.8722222222222222
2.842962962962963
2.8014814814814817
2.8762962962962964
2.5535185185185183
3.1646296296296295
3.1909259259259257
2.8544444444444443
2.7764814814814813
3.1514814814814813
3.142777777777778
3.2468518518518517
2.448148148148148
2.8496296296296295
2.7598148148148147
2.9814814814814814
2.7075925925925928
2.612962962962963
2.785740740740741
2.627407407407407
2.705185185185185
2.696296296296296
2.6735185185185184
2.7374074074074075
3.1133333333333333
2.620925925925926
2.7037037037037037
2.7157407407407406
2.8781481481481483
2.7035185185185187
2.6883333333333335
2.5009259259259258
2.2533333333333334
2.655740740740741
2.6505555555555556
2.5925925925925926
2.4214814814814813
2.7509259259259258
2.6596296296296296
2.3846296296296297
2.7981481481481483
3.0494444444444446
2.7883333333333336
2.533148148148148
2.58
2.5964814814814816
2.6707407407407406
2.594074074074074
2.2885185185185186
2.612037037037037
2.324074074074074
2.6057407407407407
2.450925925925926
2.4522222222222223
2.266111111111111
2.5590740740740743
2.5616666666666665
2.511296296296296
2.256111111111111
2.3916666666666666
2.3090740740740743
2.721296296296296
2.4605555555555556
2.6044444444444443
2.4255555555555555
2.4875925925925926
2.392962962962963
2.13
2.5135185185185187
2.171666666666667
2.399074074074074
2.3403703703703704
2.4864814814814813
2.570925925925926
2.332037037037037
2.192962962962963
2.488888888888889
2.3755555555555556
2.5216666666666665
2.532962962962963
2.364259259259259
2.155925925925926
2.262037037037037
2.3214814814814817
2.2731481481481484
