47101
33785
43331
49446
41731
42698
37537
34144
41688
40571
34791
42854
27750
43488
40120
28565
56837
36639
37743
30425
30515
30835
36244
39482
45878
29145
30207
34844
44280
32150
28091
59688
46916
27840
24400
37469
28429
30663
28799
33787
34096
33931
32230
28183
28942
28879
31871
31586
30070
29993
32326
29909
26717
27812
35342
27480
32929
32506
27482
29403
38265
30368
27892
27880
26555
26462
25335
27831
24919
23935
24524
26723
28202
26876
24004
25484
25486
22370
24692
22895
22912
23868
21810
22563
25417
25680
20852
24873
22298
23187
22137
22545
24672
25903
22273
26880
25028
24690
24929
25237
22456
21254
21323
22502
20785
30954
24547
20389
21001
24208
24870
20038
27182
22706
20799
24868
21210
20152
16982
20457
22681
21242
22883
19538
18387
21396
18770
20822
26287
21157
20552
19009
20437
20858
20544
21246
21528
21493
19089
20271
23241
20171
20615
20973
21990
20827
19419
19981
19784
19378
21161
20614
19470
17392
17953
19035
16900
17607
19539
18906
20462
17229
19171
21747
19435
17974
19407
18022
19261
17426
17721
18402
18182
18216
20690
16531
17407
20474
18541
18380
18968
19908
19149
17176
17933
18819
16629
17082
16224
15506
18033
15241
15520
17305
15082
16676
16994
21192
16003
16992
15662
15704
16932
15661
19464
16111
17833
16941
16354
17181
16001
15086
16352
15118
15936
15510
15352
15128
15532
13789
17089
17231
15414
14993
17018
16971
17533
13220
15388
14903
16100
14621
14110
15043
14188
14608
14560
14437
14782
16812
14153
14600
14665
15542
14599
14517
13505
12168
14341
14313
14000
13076
14855
14362
12877
15110
16467
15057
13679
13932
14021
14422
14008
12358
14105
12550
14071
13235
13242
12237
13819
13833
13561
12183
12915
12469
14695
13287
14064
13098
13433
12922
11502
13573
11727
12955
12638
13427
13883
12593
11842
13440
12828
13617
13678
12767
11642
12215
12536
12275
