-31246.299999999992
-43152.5
-43466.199999999946
-22714.99999999999
-25414.899999999983
-25923.599999999995
-36327.80000000001
-28870.99999999999
-36471.19999999998
-60051.70000000002
-31118.700000000004
-29825.900000000005
-39946.10000000002
-36266.700000000004
-34914.499999999985
-27253.3
-31742.30000000001
-31742.699999999997
-19155.100000000006
-26218.00000000001
-26131.199999999986
-40992.99999999998
-29736.899999999987
-41334.10000000001
-30181.3
-32118.199999999997
-34812.00000000001
-25866.7
-27251.20000000001
-41685.499999999985
-27838.29999999999
-26621.799999999992
-22547.500000000015
-33079.49999999999
-27141.2
-24497.899999999987
-28898.5
-17227.600000000006
-24429.099999999988
-27099.5
-34825.49999999997
-21239.400000000012
-25802.699999999964
-27216.099999999995
-29452.300000000003
-19497.59999999998
-28758.800000000017
-20947.09999999998
-23426.60000000002
-33293.000000000015
-26466.999999999985
-18202.5
-23188.899999999998
-25160.90000000003
-16587.800000000007
-18038.499999999993
-24017.899999999998
-23720.199999999993
-29120.60000000002
-20418.299999999985
-16700.09999999999
-25426.199999999983
-18663.199999999993
-20027.59999999999
-21568.599999999988
-22808.80000000001
-13774.699999999993
-21982.399999999976
-22952.399999999983
-27887.200000000004
-16865.6
-17533.8
-17280.100000000006
-20453.40000000002
-14896.299999999997
-16373.49999999999
-17369.100000000013
-14401.400000000001
-19331.000000000004
-20011.2
-19196.800000000003
-20126.199999999997
-15951.099999999997
-15695.000000000007
-17177.69999999999
-19589.80000000001
-19516.9
-15817.800000000003
-18096.199999999997
-15860.200000000006
-18444.0
-20863.699999999997
-14346.199999999997
-22795.5
-13683.699999999995
-13590.599999999997
-16428.8
-18842.40000000001
-15747.100000000002
-14683.799999999992
-15777.199999999995
-15799.199999999999
-16218.699999999995
-13634.499999999996
-11767.299999999994
-16505.200000000004
-11811.899999999998
-14762.699999999993
-15461.000000000004
-23157.7
-12429.399999999996
-14831.199999999993
-13709.4
-12752.700000000003
-21114.599999999984
-12560.600000000006
-12164.499999999996
-12429.39999999999
-11946.299999999994
-12741.000000000002
-13994.199999999995
-14535.300000000005
-14971.500000000011
-15287.799999999996
-11552.9
-11526.499999999996
-14817.900000000005
-15080.700000000003
-17723.9
-14595.499999999996
-12183.099999999999
-15681.100000000006
-13199.200000000006
-13593.300000000005
-14572.700000000003
-13065.599999999999
-9735.400000000003
-8918.400000000003
-14319.5
-13363.100000000004
-11160.39999999999
-15029.599999999991
-13335.0
-10318.199999999999
-11544.800000000008
-11349.999999999998
-10932.400000000001
-9479.099999999997
-11238.000000000004
-10092.1
-12341.900000000001
-12446.800000000003
-11244.500000000007
-10762.299999999997
-13184.999999999996
-12950.700000000004
-10539.4
-12983.700000000004
-7513.800000000002
-13205.499999999998
-9416.699999999999
-10088.600000000002
-10326.899999999994
-8657.099999999999
-9172.900000000009
-10039.600000000002
-10246.2
-12421.799999999997
-10051.199999999993
-9876.599999999999
-7956.399999999997
-9427.699999999993
-8296.3
-9437.0
-11500.200000000004
-10192.100000000004
-9147.6
-11200.900000000003
-9127.599999999995
-10726.89999999999
-11959.499999999998
-12077.000000000004
-9932.400000000003
-8127.500000000002
-8994.399999999996
-6629.499999999995
-7895.100000000005
-11125.50000000001
-8553.000000000004
-8678.000000000004
-9590.700000000006
-10291.2
-7558.8
-10214.699999999995
-11513.799999999992
-9084.200000000004
-9704.900000000003
-9569.799999999996
-12454.299999999997
-8049.4000000000015
-7174.2
-8011.599999999998
-8338.1
-7655.000000000004
-9822.000000000002
-8587.1
-7613.599999999999
-6816.000000000004
-7880.5000000000055
-7129.2
-9539.199999999997
-7722.0999999999985
-8025.299999999997
-7165.100000000005
-8116.100000000003
-8403.699999999999
-7830.199999999999
-7462.599999999998
-7572.600000000003
-6558.999999999998
-6950.2000000000035
-7453.1
-8330.500000000005
-6762.400000000002
-7706.700000000001
-6790.300000000002
-10057.699999999997
-6628.799999999999
-7632.799999999997
-9148.100000000002
-7863.3
-7645.999999999995
-6214.599999999997
-7011.599999999998
-5735.999999999999
-7014.699999999998
-7742.199999999998
-6675.500000000001
-6458.800000000002
-6792.2000000000035
-6070.699999999998
-6650.600000000002
-7341.799999999998
-6327.700000000001
-6695.999999999998
-6903.300000000002
-5223.100000000002
-4866.500000000002
-6873.100000000005
-6467.2999999999965
-6358.499999999997
-6968.900000000004
-4701.499999999999
-6140.300000000002
-5995.200000000001
-6817.299999999999
-7070.7000000000035
-6284.900000000001
-5038.800000000001
-6078.0
-6042.499999999999
-7089.500000000003
-6416.999999999998
-5618.8
-5489.099999999999
-5420.100000000002
-5760.600000000002
-5027.600000000002
-5440.0999999999985
-5971.700000000001
-5617.300000000001
-6309.599999999997
-6434.8
-5812.099999999997
-6081.999999999999
-4959.0
-6256.400000000002
-6985.200000000002
-5529.600000000004
-5914.400000000002
-5462.899999999999
-5284.699999999999
-5585.600000000001
-5715.099999999998
-4917.499999999998
-5584.400000000002
-5348.899999999998
-5581.8
-6265.499999999995
-6026.100000000001
-5035.400000000002
-5761.400000000001
-4746.500000000002
-4887.599999999997
-5375.800000000001
-5167.499999999998
-5031.099999999999
-4562.200000000002
-4678.300000000002
-4576.700000000001
