34826
43578
45670
29212
30489
30752
39632
34190
40075
57002
35217
35833
41793
38975
38209
32900
36257
35335
26382
32051
31632
43289
37153
46067
34982
36058
37567
32430
32466
44456
32746
31950
28590
36721
32494
33300
34586
24251
31312
36258
36977
26926
31128
31110
33601
26414
34907
27423
29735
36964
32114
24643
29189
33610
24629
24372
32095
30339
32652
27859
26217
32364
25118
26912
27535
29083
20798
28693
28075
33359
23854
23551
23900
26579
22510
22946
23945
21604
26003
26587
27948
26577
23311
22407
25107
27120
28504
23079
25467
22919
25377
27514
21933
31745
20179
20571
23410
25910
24601
21580
23701
24706
22480
21462
18754
24900
18960
21711
22479
34143
19943
21705
20043
20136
29487
20303
18907
19656
18868
20086
21401
21637
22455
22836
19485
19388
21588
22258
25949
21633
20431
23004
20950
20907
21952
19992
17932
16278
21519
21022
18963
21903
20504
17958
19360
19122
18099
17013
18665
17178
19732
19113
18893
18599
20602
19238
18439
20462
15075
21027
17673
17612
17851
16265
17169
17095
17679
19957
18474
17689
16083
17389
15963
18410
18992
17272
16583
19263
17860
17433
21259
20080
16945
17311
16281
14378
14892
18135
16828
16096
18038
18431
15016
17658
18777
16223
16829
18212
19989
15585
14458
15477
15507
14785
18962
16124
15955
14943
15685
15241
17027
14801
15507
14064
16638
16091
15090
14997
15351
13843
14981
15055
15610
13859
16498
14475
18665
14285
14895
16487
15772
14745
13431
14770
12663
14403
15672
14828
14104
15335
13535
14007
13825
13941
15001
14241
12021
11467
14224
14114
14154
13871
11375
13177
13320
14635
16141
13870
11923
13424
13596
14835
13345
12624
13368
12249
12695
11842
11967
12918
12885
14304
13293
12884
12960
11824
15055
14532
12485
12835
13525
12656
12773
13017
12089
12550
12089
13369
13987
13447
11528
12776
11792
11843
12425
12263
12432
11725
11805
11692
