6.449259259259259
8.07
8.457407407407407
5.40962962962963
5.646111111111111
5.694814814814815
7.33925925925926
6.3314814814814815
7.421296296296297
10.555925925925926
6.5216666666666665
6.635740740740741
7.739444444444445
7.217592592592593
7.07574074074074
6.092592592592593
6.71425925925926
6.5435185185185185
4.885555555555555
5.935370370370371
5.857777777777778
8.016481481481481
6.880185185185185
8.530925925925926
6.478148148148148
6.677407407407407
6.956851851851852
6.0055555555555555
6.012222222222222
8.232592592592592
6.064074074074074
5.916666666666667
5.294444444444444
6.800185185185185
6.017407407407408
6.166666666666667
6.404814814814815
4.490925925925926
5.798518518518518
6.714444444444444
6.8475925925925925
4.986296296296296
5.764444444444444
5.761111111111111
6.222407407407408
4.891481481481481
6.46425925925926
5.078333333333333
5.506481481481481
6.845185185185185
5.947037037037037
4.563518518518518
5.40537037037037
6.224074074074074
4.560925925925926
4.513333333333334
5.943518518518519
5.618333333333333
6.046666666666667
5.159074074074074
4.855
5.993333333333333
4.651481481481482
4.9837037037037035
5.099074074074074
5.385740740740741
3.8514814814814815
5.313518518518518
5.199074074074074
6.1775925925925925
4.417407407407407
4.361296296296296
4.425925925925926
4.922037037037037
4.1685185185185185
4.249259259259259
4.434259259259259
4.000740740740741
4.8153703703703705
4.923518518518518
5.1755555555555555
4.921666666666667
4.316851851851852
4.149444444444445
4.649444444444445
5.022222222222222
5.278518518518519
4.273888888888889
4.716111111111111
4.244259259259259
4.6994444444444445
5.095185185185185
4.0616666666666665
5.878703703703704
3.736851851851852
3.8094444444444444
4.3351851851851855
4.798148148148148
4.555740740740741
3.9962962962962965
4.389074074074074
4.575185185185185
4.162962962962963
3.9744444444444444
3.472962962962963
4.611111111111111
3.511111111111111
4.020555555555555
4.1627777777777775
6.322777777777778
3.6931481481481483
4.019444444444445
3.7116666666666664
3.7288888888888887
5.460555555555556
3.7598148148148147
3.5012962962962964
3.64
3.494074074074074
3.7196296296296296
3.9631481481481483
4.006851851851851
4.158333333333333
4.228888888888889
3.6083333333333334
3.5903703703703704
3.997777777777778
4.121851851851852
4.805370370370371
4.006111111111111
3.7835185185185187
4.26
3.8796296296296298
3.8716666666666666
4.065185185185185
3.7022222222222223
3.3207407407407405
3.0144444444444445
3.985
3.892962962962963
3.5116666666666667
4.056111111111111
3.797037037037037
3.3255555555555554
3.585185185185185
3.5411111111111113
3.3516666666666666
3.1505555555555556
3.4564814814814815
3.181111111111111
3.654074074074074
3.5394444444444444
3.4987037037037036
3.444259259259259
3.815185185185185
3.5625925925925928
3.4146296296296295
3.7892592592592593
2.7916666666666665
3.8938888888888887
3.272777777777778
3.2614814814814816
3.305740740740741
3.012037037037037
3.1794444444444445
3.1657407407407407
3.273888888888889
3.6957407407407405
3.421111111111111
3.2757407407407406
2.9783333333333335
3.2201851851851853
2.956111111111111
3.4092592592592594
3.517037037037037
3.1985185185185183
3.070925925925926
3.567222222222222
3.3074074074074074
3.2283333333333335
3.936851851851852
3.7185185185185183
3.137962962962963
3.205740740740741
3.015
2.6625925925925924
2.7577777777777777
3.3583333333333334
3.116296296296296
2.9807407407407407
3.3403703703703704
3.413148148148148
2.780740740740741
3.27
3.477222222222222
3.004259259259259
3.1164814814814816
3.372592592592593
3.7016666666666667
2.886111111111111
2.6774074074074075
2.866111111111111
2.8716666666666666
2.737962962962963
3.5114814814814816
2.985925925925926
2.9546296296296295
2.7672222222222222
2.9046296296296297
2.8224074074074075
3.1531481481481483
2.740925925925926
2.8716666666666666
2.6044444444444443
3.081111111111111
2.979814814814815
2.7944444444444443
2.777222222222222
2.8427777777777776
2.5635185185185185
2.774259259259259
2.787962962962963
2.890740740740741
2.5664814814814814
3.0551851851851852
2.6805555555555554
3.4564814814814815
2.64537037037037
2.7583333333333333
3.053148148148148
2.9207407407407406
2.7305555555555556
2.487222222222222
2.7351851851851854
2.345
2.667222222222222
2.902222222222222
2.745925925925926
2.611851851851852
2.839814814814815
2.5064814814814813
2.593888888888889
2.560185185185185
2.5816666666666666
2.7779629629629627
2.6372222222222224
2.226111111111111
2.1235185185185186
2.634074074074074
2.613703703703704
2.621111111111111
2.5687037037037035
2.1064814814814814
2.440185185185185
2.466666666666667
2.710185185185185
2.989074074074074
2.5685185185185184
2.207962962962963
2.485925925925926
2.517777777777778
2.7472222222222222
2.471296296296296
2.3377777777777777
2.4755555555555557
2.2683333333333335
2.350925925925926
2.192962962962963
2.216111111111111
2.3922222222222222
2.386111111111111
2.648888888888889
2.4616666666666664
2.385925925925926
2.4
2.18962962962963
2.787962962962963
2.6911111111111112
2.312037037037037
2.376851851851852
2.5046296296296298
2.343703703703704
2.3653703703703703
2.4105555555555553
2.238703703703704
2.324074074074074
2.238703703703704
2.475740740740741
2.5901851851851854
2.4901851851851853
2.1348148148148147
2.365925925925926
2.1837037037037037
2.1931481481481483
2.300925925925926
2.270925925925926
2.3022222222222224
2.1712962962962963
2.186111111111111
2.165185185185185
