34870
34452
47680
41243
51243
51824
31482
34897
38135
39476
30176
42328
46943
36988
56484
33617
46292
33430
31670
28135
33689
38705
37646
47959
29609
33843
30624
29609
33785
32127
31860
42685
27633
44558
32665
34738
32993
35541
38060
44211
26135
31100
28270
29176
31232
28657
26896
29467
36098
27631
34620
29763
28221
27872
29663
30942
29839
24346
31186
27283
35298
30913
29429
26713
30956
26748
26515
26635
27903
27684
33155
23364
25846
23558
27964
21045
26097
27246
25822
26486
27353
24490
25677
25980
27715
25936
27661
26998
25775
25409
23051
25447
22447
26614
23903
27446
23897
21785
36318
19257
22394
23320
22159
22495
24066
29580
22872
22782
19933
26151
22587
26008
21072
23403
24744
23780
22784
22363
21923
22072
22220
22040
20619
23149
20122
22083
18945
21605
21171
20809
21540
21797
21232
19487
23149
19716
21962
20795
20723
22342
25603
19536
21248
22107
19763
20182
19326
19925
19839
18092
18020
19278
18151
18693
18255
18214
18471
22408
16422
18901
21069
16728
17456
18331
16398
17495
17500
19554
17607
18599
17770
17650
17685
20504
18996
17246
17378
21176
19329
17119
18049
17988
17692
16974
15778
16104
17092
16531
15293
16274
18973
19786
16728
14741
17771
15790
14665
19258
18526
17245
17245
15763
16841
15237
19501
15335
19554
16827
15626
14757
16829
15788
15936
14404
16326
15253
17204
15367
15534
14589
16540
17204
16791
14714
17431
17081
15095
15476
16214
16186
14762
15437
14966
13884
13414
14479
17717
15353
15469
13961
13850
14389
14097
15183
14291
14296
14384
13807
14895
15726
15803
14997
12857
15493
13621
15035
15988
13898
13765
15062
13759
14233
14209
12118
13753
12925
13368
13130
13338
12913
13914
15898
12225
13203
12989
12086
13916
12852
12124
13862
14432
14013
12594
12866
11904
13728
13000
13024
13726
11871
12843
13658
11612
11809
13593
12995
13158
13100
13268
13838
