6.457407407407407
6.38
8.829629629629629
7.6375925925925925
9.489444444444445
9.597037037037037
5.83
6.462407407407407
7.062037037037037
7.310370370370371
5.588148148148148
7.838518518518518
8.693148148148149
6.8496296296296295
10.46
6.225370370370371
8.572592592592592
6.190740740740741
5.864814814814815
5.2101851851851855
6.238703703703703
7.167592592592593
6.971481481481481
8.881296296296297
5.483148148148148
6.267222222222222
5.671111111111111
5.483148148148148
6.256481481481481
5.9494444444444445
5.9
7.904629629629629
5.117222222222222
8.251481481481482
6.049074074074074
6.4329629629629625
6.109814814814815
6.581666666666667
7.048148148148148
8.187222222222223
4.839814814814815
5.7592592592592595
5.235185185185185
5.402962962962963
5.783703703703703
5.306851851851852
4.980740740740741
5.456851851851852
6.684814814814815
5.116851851851852
6.411111111111111
5.511666666666667
5.226111111111111
5.161481481481482
5.493148148148149
5.73
5.525740740740741
4.508518518518518
5.775185185185185
5.052407407407407
6.536666666666667
5.7246296296296295
5.449814814814815
4.946851851851852
5.732592592592592
4.953333333333333
4.910185185185185
4.932407407407408
5.167222222222223
5.126666666666667
6.139814814814815
4.326666666666667
4.786296296296296
4.362592592592593
5.178518518518518
3.897222222222222
4.832777777777777
5.045555555555556
4.781851851851852
4.904814814814815
5.0653703703703705
4.535185185185185
4.755
4.811111111111111
5.132407407407407
4.802962962962963
5.122407407407407
4.99962962962963
4.773148148148148
4.70537037037037
4.268703703703704
4.712407407407407
4.156851851851852
4.928518518518518
4.426481481481481
5.082592592592593
4.42537037037037
4.034259259259259
6.725555555555555
3.5661111111111112
4.147037037037037
4.318518518518519
4.103518518518518
4.16574074074074
4.456666666666667
5.477777777777778
4.235555555555556
4.2188888888888885
3.6912962962962963
4.842777777777778
4.182777777777778
4.816296296296296
3.902222222222222
4.333888888888889
4.582222222222223
4.4037037037037035
4.2192592592592595
4.1412962962962965
4.059814814814815
4.087407407407407
4.114814814814815
4.0814814814814815
3.8183333333333334
4.286851851851852
3.7262962962962964
4.089444444444444
3.5083333333333333
4.000925925925926
3.9205555555555556
3.8535185185185186
3.988888888888889
4.036481481481482
3.9318518518518517
3.6087037037037035
4.286851851851852
3.651111111111111
4.0670370370370375
3.850925925925926
3.8375925925925927
4.137407407407407
4.741296296296296
3.617777777777778
3.934814814814815
4.0938888888888885
3.6598148148148146
3.7374074074074075
3.578888888888889
3.689814814814815
3.673888888888889
3.35037037037037
3.337037037037037
3.57
3.3612962962962962
3.4616666666666664
3.3805555555555555
3.372962962962963
3.4205555555555556
4.149629629629629
3.0411111111111113
3.500185185185185
3.901666666666667
3.097777777777778
3.2325925925925927
3.3946296296296294
3.0366666666666666
3.2398148148148147
3.240740740740741
3.621111111111111
3.2605555555555554
3.444259259259259
3.2907407407407407
3.2685185185185186
3.275
3.797037037037037
3.517777777777778
3.1937037037037035
3.218148148148148
3.9214814814814813
3.5794444444444444
3.170185185185185
3.3424074074074075
3.331111111111111
3.2762962962962963
3.1433333333333335
2.921851851851852
2.982222222222222
3.165185185185185
3.0612962962962964
2.832037037037037
3.0137037037037038
3.5135185185185187
3.6640740740740743
3.097777777777778
2.729814814814815
3.290925925925926
2.924074074074074
2.7157407407407406
3.5662962962962963
3.430740740740741
3.1935185185185184
3.1935185185185184
2.919074074074074
3.1187037037037038
2.8216666666666668
3.6112962962962962
2.839814814814815
3.621111111111111
3.116111111111111
2.8937037037037037
2.7327777777777778
3.1164814814814816
2.923703703703704
2.951111111111111
2.6674074074074072
3.0233333333333334
2.8246296296296296
3.185925925925926
2.845740740740741
2.8766666666666665
2.7016666666666667
3.062962962962963
3.185925925925926
3.1094444444444442
2.724814814814815
3.227962962962963
3.163148148148148
2.7953703703703705
2.865925925925926
3.0025925925925927
2.9974074074074073
2.7337037037037035
2.8587037037037035
2.7714814814814814
2.571111111111111
2.484074074074074
2.6812962962962965
3.280925925925926
2.843148148148148
2.8646296296296296
2.5853703703703705
2.564814814814815
2.6646296296296295
2.6105555555555555
2.8116666666666665
2.6464814814814814
2.647407407407407
2.6637037037037037
2.5568518518518517
2.7583333333333333
2.9122222222222223
2.9264814814814817
2.777222222222222
2.380925925925926
2.869074074074074
2.522407407407407
2.7842592592592594
2.9607407407407407
2.573703703703704
2.549074074074074
2.7892592592592593
2.5479629629629628
2.635740740740741
2.6312962962962962
2.244074074074074
2.546851851851852
2.3935185185185186
2.4755555555555557
2.4314814814814816
2.47
2.3912962962962965
2.5766666666666667
2.944074074074074
2.263888888888889
2.445
2.4053703703703704
2.238148148148148
2.5770370370370372
2.38
2.245185185185185
2.567037037037037
2.6725925925925926
2.595
2.332222222222222
2.3825925925925926
2.2044444444444444
2.542222222222222
2.4074074074074074
2.4118518518518517
2.541851851851852
2.1983333333333333
2.3783333333333334
2.529259259259259
2.1503703703703705
2.186851851851852
2.5172222222222222
2.4064814814814817
2.4366666666666665
2.425925925925926
2.457037037037037
2.5625925925925928
