-21351.0
-22051.0
-34034.0
-27992.0
-36625.0
-37259.0
-20368.0
-21366.0
-25196.0
-26346.0
-18963.0
-29016.0
-33796.0
-25434.0
-39548.0
-22254.0
-32101.0
-20877.0
-19899.0
-16893.0
-22140.0
-26377.0
-21967.0
-34238.0
-19091.0
-22193.0
-18985.0
-19488.0
-22584.0
-20789.0
-21105.0
-28778.0
-16393.0
-31443.0
-20662.0
-21173.0
-20948.0
-24538.0
-27015.0
-28691.0
-15366.0
-19874.0
-17193.0
-18689.0
-19791.0
-17443.0
-15590.0
-19096.0
-23007.0
-16891.0
-22803.0
-18373.0
-16895.0
-17284.0
-15172.0
-20000.0
-16450.0
-14260.0
-19096.0
-16799.0
-20563.0
-18384.0
-17780.0
-16804.0
-18989.0
-15835.0
-15945.0
-16385.0
-17578.0
-17093.0
-21817.0
-13477.0
-15511.0
-12914.0
-17555.0
-11937.0
-15677.0
-16346.0
-15453.0
-15644.0
-14327.0
-14535.0
-15669.0
-15230.0
-16425.0
-13620.0
-15976.0
-15407.0
-14354.0
-14903.0
-12495.0
-14872.0
-12429.0
-14638.0
-14312.0
-16504.0
-13239.0
-11340.0
-19162.0
-11198.0
-12640.0
-10955.0
-12340.0
-12754.0
-13312.0
-16734.0
-13149.0
-12638.0
-10265.0
-14112.0
-12722.0
-14687.0
-11705.0
-13236.0
-12668.0
-13899.0
-12451.0
-12137.0
-11918.0
-12176.0
-12918.0
-12765.0
-11046.0
-12755.0
-10946.0
-12251.0
-10092.0
-12241.0
-10359.0
-10743.0
-11337.0
-10154.0
-11941.0
-10048.0
-12869.0
-10012.0
-11684.0
-10943.0
-11688.0
-12740.0
-13394.0
-9919.0
-11411.0
-12272.0
-9227.0
-11021.0
-9744.0
-10580.0
-10512.0
-9580.0
-8870.0
-10134.0
-9435.0
-9184.0
-9314.0
-9239.0
-9588.0
-12016.0
-7819.0
-9301.0
-9983.0
-8175.0
-9012.0
-9451.0
-8092.0
-8411.0
-8384.0
-10115.0
-8433.0
-8946.0
-8864.0
-8107.0
-8963.0
-9490.0
-10045.0
-8127.0
-8316.0
-10335.0
-8906.0
-8489.0
-7470.0
-7434.0
-9062.0
-7677.0
-7443.0
-7624.0
-7381.0
-7622.0
-6833.0
-7964.0
-9127.0
-10054.0
-7728.0
-6639.0
-8727.0
-7085.0
-5784.0
-8390.0
-8543.0
-8124.0
-8256.0
-7450.0
-8308.0
-7116.0
-8374.0
-6578.0
-8722.0
-7472.0
-6630.0
-6363.0
-7462.0
-7343.0
-7760.0
-6042.0
-7428.0
-6937.0
-7771.0
-7817.0
-7003.0
-6718.0
-7859.0
-8308.0
-8140.0
-6403.0
-7216.0
-8074.0
-5385.0
-6467.0
-6790.0
-7339.0
-6295.0
-6642.0
-6589.0
-5953.0
-5799.0
-6248.0
-7362.0
-6666.0
-6793.0
-5138.0
-5756.0
-6072.0
-5959.0
-5679.0
-4827.0
-5587.0
-6222.0
-5700.0
-6457.0
-6126.0
-6934.0
-6169.0
-5389.0
-6574.0
-5218.0
-5899.0
-5980.0
-5519.0
-5662.0
-6734.0
-6148.0
-5142.0
-5744.0
-5181.0
-5543.0
-5551.0
-5209.0
-5095.0
-4794.0
-5009.0
-5520.0
-6030.0
-4801.0
-5344.0
-5307.0
-4648.0
-4788.0
-4778.0
-4622.0
-5943.0
-4937.0
-5266.0
-5072.0
-4756.0
-3998.0
-5237.0
-4615.0
-4873.0
-4945.0
-4304.0
-5053.0
-5470.0
-4724.0
-4474.0
-5530.0
-5023.0
-5424.0
-5156.0
-5413.0
-4714.0
