-39800.39999999998
-64594.100000000006
-29251.20000000001
-37164.39999999999
-46791.9
-29363.00000000001
-27948.399999999994
-42607.69999999999
-30723.5
-52779.5
-45425.399999999994
-36909.7
-32710.4
-24805.600000000002
-39541.600000000006
-44114.69999999998
-31047.000000000025
-27443.900000000005
-27968.09999999998
-55355.49999999998
-34132.799999999996
-29077.099999999988
-53571.19999999999
-27643.7
-23522.700000000004
-35620.60000000002
-20611.0
-23383.6
-28821.3
-32857.90000000001
-31065.40000000001
-18735.400000000016
-24771.200000000015
-23661.3
-19472.500000000004
-29018.599999999995
-24354.6
-18453.300000000014
-18483.699999999997
-20435.79999999999
-25738.299999999996
-21141.3
-19426.30000000001
-17174.60000000002
-18583.399999999998
-22179.999999999993
-18738.6
-19175.100000000002
-21044.999999999996
-21381.199999999986
-15817.000000000004
-22160.600000000013
-12946.500000000004
-19132.999999999985
-14190.900000000005
-18501.7
-19167.19999999999
-14367.599999999999
-16363.5
-17951.300000000003
-17797.100000000006
-25645.799999999985
-17058.999999999996
-13988.499999999996
-21333.699999999993
-19420.29999999999
-21267.699999999986
-13471.0
-19629.100000000006
-16052.500000000004
-13475.499999999996
-15172.899999999994
-12306.999999999993
-11605.300000000008
-16115.599999999999
-13971.299999999996
-13036.800000000007
-13488.199999999995
-14287.099999999991
-14989.199999999992
-17730.60000000001
-12550.50000000001
-11479.000000000005
-13196.399999999998
-15602.300000000017
-13783.600000000006
-13676.200000000003
-12830.199999999997
-18920.300000000007
-15544.000000000002
-15857.800000000001
-14072.900000000007
-9999.899999999996
-11552.999999999996
-13995.299999999996
-10534.6
-11561.300000000003
-11266.699999999999
-12239.4
-12052.600000000008
-9501.6
-12137.0
-12043.000000000005
-11416.400000000005
-10353.600000000002
-13270.099999999993
-9423.7
-8972.699999999999
-9128.600000000004
-11264.600000000002
-10505.600000000006
-9788.699999999997
-8691.199999999999
-12079.699999999999
-13037.7
-8261.4
-10708.099999999993
-10183.6
-9727.899999999998
-8248.499999999998
-9872.599999999993
-9060.599999999993
-8954.300000000003
-10356.599999999997
-10307.999999999998
-8463.0
-7617.200000000001
-11418.099999999999
-8006.4000000000015
-7238.700000000001
-8765.900000000007
-9678.700000000004
-8383.699999999999
-8966.900000000003
-7440.499999999999
-9487.500000000002
-7278.599999999998
-8233.499999999996
-7038.200000000001
-7882.800000000001
-8364.000000000002
-7618.299999999995
-10132.6
-7797.799999999999
-7049.499999999999
-8152.500000000001
-5955.300000000001
-7761.500000000003
-6455.9
-6980.099999999999
-7430.999999999998
-6331.299999999998
-8294.2
-7566.099999999999
-6280.399999999997
-6949.9000000000015
-6568.600000000004
-7453.499999999998
-6049.9000000000015
-6053.599999999998
-6984.2000000000035
-6655.799999999997
-5999.300000000001
-7178.300000000002
-5625.0999999999985
-5778.300000000001
-6714.599999999999
-6055.799999999999
-5652.800000000001
-6105.100000000002
-5905.2000000000035
-5863.900000000001
-5967.099999999998
-5464.5000000000055
-7119.7
-6069.899999999997
-5493.199999999999
-6070.200000000001
-5771.700000000001
-5122.200000000001
-5669.5
-8265.000000000002
-5094.199999999999
-5533.9
-5495.9000000000015
-4796.899999999998
-5115.200000000002
-5578.300000000002
-5127.199999999998
-5214.1
-5804.800000000002
-5343.299999999999
-5518.400000000002
-4902.299999999999
-5020.799999999996
-4704.399999999999
-5262.500000000001
-4751.8
-4911.3
-4746.5
