7.787222222222222
10.375370370370371
6.266111111111111
7.299074074074074
9.171296296296296
6.447962962962963
5.872777777777777
7.750740740740741
6.704074074074074
9.563703703703704
8.763703703703703
7.552407407407407
6.873888888888889
5.452592592592593
8.017592592592592
7.944629629629629
6.5072222222222225
5.867222222222222
5.941666666666666
9.596111111111112
6.480740740740741
6.312222222222222
10.879444444444445
6.367592592592593
5.658518518518519
7.185370370370371
4.8657407407407405
5.549814814814815
5.975370370370371
6.874259259259259
6.626111111111111
4.86
5.723518518518518
5.401481481481482
4.926296296296297
6.722222222222222
5.683333333333334
4.6248148148148145
4.7209259259259255
5.317777777777778
5.952037037037037
5.151111111111111
4.912592592592593
4.539074074074074
4.579074074074074
5.343333333333334
4.648333333333333
4.70037037037037
5.006296296296297
5.157037037037037
4.285925925925926
5.172962962962963
3.774259259259259
4.813888888888889
4.402962962962963
4.622592592592593
4.928333333333334
4.04074074074074
4.625
4.579074074074074
4.824074074074074
5.524444444444445
4.445925925925926
3.982222222222222
5.168888888888889
4.8405555555555555
5.270370370370371
3.6724074074074076
4.9511111111111115
4.328888888888889
3.8833333333333333
3.9
3.695925925925926
3.566666666666667
4.091481481481481
3.8916666666666666
3.841666666666667
3.649074074074074
3.8874074074074074
4.141111111111111
4.93
3.5394444444444444
3.446111111111111
3.868888888888889
4.368518518518519
4.206296296296296
3.917777777777778
3.8446296296296296
4.777222222222222
4.301481481481481
4.263333333333334
3.990925925925926
3.2262962962962964
3.6081481481481483
4.054074074074074
3.285925925925926
3.565
3.5653703703703705
4.011666666666667
3.494074074074074
3.0985185185185187
3.884259259259259
3.583148148148148
3.609259259259259
3.304074074074074
4.016666666666667
3.223148148148148
3.163148148148148
3.131111111111111
3.7285185185185186
3.291851851851852
3.1618518518518517
3.004814814814815
3.734074074074074
4.006666666666667
2.9194444444444443
3.267777777777778
3.1694444444444443
3.282037037037037
2.9698148148148147
3.3014814814814817
2.9762962962962964
2.9677777777777776
3.332777777777778
3.276111111111111
2.922037037037037
2.6425925925925924
3.513148148148148
3.1887037037037036
2.6616666666666666
3.0566666666666666
3.302037037037037
2.915
3.0327777777777776
2.755925925925926
3.185
2.892962962962963
2.9735185185185187
2.612962962962963
2.89962962962963
3.0644444444444443
2.879814814814815
3.2783333333333333
2.8385185185185184
2.796111111111111
2.9811111111111113
2.5103703703703704
2.7196296296296296
2.587222222222222
2.6307407407407406
2.740925925925926
2.580925925925926
2.852777777777778
2.785
2.5011111111111113
2.6303703703703705
2.474074074074074
2.727222222222222
2.3366666666666664
2.4055555555555554
2.745
2.58037037037037
2.4337037037037037
2.6640740740740743
2.3046296296296296
2.4085185185185187
2.6164814814814816
2.473888888888889
2.3955555555555557
2.4898148148148147
2.3464814814814816
2.602222222222222
2.4914814814814816
2.4609259259259257
2.6237037037037036
2.4383333333333335
2.2235185185185187
2.793148148148148
2.574074074074074
2.3090740740740743
2.6535185185185184
3.078333333333333
2.2762962962962963
2.4312962962962965
2.223148148148148
2.129259259259259
2.285740740740741
2.4014814814814813
2.331851851851852
2.260740740740741
2.5614814814814815
2.420925925925926
2.295925925925926
2.1153703703703703
2.2416666666666667
2.2155555555555555
2.215
2.343148148148148
2.227777777777778
2.261296296296296
