42051
56027
33837
39415
49525
34819
31713
41854
36202
51644
47324
40783
37119
29444
43295
42901
35139
31683
32085
51819
34996
34086
58749
34385
30556
38801
26275
29969
32267
37121
35781
26244
30907
29168
26602
36300
30690
24974
25493
28716
32141
27816
26528
24511
24727
28854
25101
25382
27034
27848
23144
27934
20381
25995
23776
24962
26613
21820
24975
24727
26050
29832
24008
21504
27912
26139
28460
19831
26736
23376
20970
21060
19958
19260
22094
21015
20745
19705
20992
22362
26622
19113
18609
20892
23590
22714
21156
20761
25797
23228
23022
21551
17422
19484
21892
17744
19251
19253
21663
18868
16732
20975
19349
19490
17842
21690
17405
17081
16908
20134
17776
17074
16226
20164
21636
15765
17646
17115
17723
16037
17828
16072
16026
17997
17691
15779
14270
18971
17219
14373
16506
17831
15741
16377
14882
17199
15622
16057
14110
15658
16548
15551
17703
15328
15099
16098
13556
14686
13971
14206
14801
13937
15405
15039
13506
14204
13360
14727
12618
12990
14823
13934
13142
14386
12445
13006
14129
13359
12936
13445
12671
14052
13454
13289
14168
13167
12007
15083
13900
12469
14329
16623
12292
13129
12005
11498
12343
12968
12592
12208
13832
13073
12398
11423
12105
11964
11961
12653
12030
12211
