34878
38094
45012
49401
33594
37296
37155
33915
36058
37384
46183
33828
34649
29296
38378
36202
29191
35947
37541
31388
34543
33084
38795
31803
36539
34837
32375
27963
32434
28418
34664
25454
34701
34261
29808
26940
34335
26469
27339
29792
28904
33656
31241
24723
30904
27618
26918
22461
27475
23926
27036
23180
29409
33441
22234
24731
24746
29576
26735
25592
23905
25114
24222
24740
24490
27868
22359
24156
22474
24262
26988
24517
23374
23230
21975
23903
19265
21362
25486
24128
27152
23839
19184
22382
21473
23140
27776
22690
21551
20390
21372
22185
21243
21598
20161
22220
19582
18772
21255
19014
21863
23396
19650
19878
20220
20478
18566
20235
19611
22562
20035
17164
16895
17069
18731
18401
17574
17896
18834
20234
17050
16776
16365
17583
17689
17603
16101
17892
19513
17770
19197
19098
17787
16408
16069
17119
19171
15521
15924
15951
17987
19484
16720
16024
16986
15868
15005
15114
15082
15415
17109
15012
14778
14761
14702
14736
16030
15921
15953
15722
15297
15289
13916
14456
13757
14431
14891
14805
17062
13603
14046
14795
15217
14095
13588
13432
14405
15547
15389
13928
15184
14933
13494
14144
14624
14343
13009
13842
13806
12854
14589
14641
13367
11888
12997
13855
13484
13202
13148
12726
