-21635.0
-25451.0
-32470.0
-35030.0
-21615.0
-24723.0
-24140.0
-21969.0
-24143.0
-24473.0
-30727.0
-22137.0
-22623.0
-18967.0
-24092.0
-22098.0
-17846.0
-23181.0
-24533.0
-20282.0
-22840.0
-21883.0
-23926.0
-20523.0
-24098.0
-23014.0
-19875.0
-16682.0
-22053.0
-17479.0
-23593.0
-15422.0
-22008.0
-22268.0
-19207.0
-14505.0
-21184.0
-16287.0
-16562.0
-16841.0
-17875.0
-21743.0
-19195.0
-14251.0
-19567.0
-16668.0
-16435.0
-12516.0
-16070.0
-13563.0
-16308.0
-13288.0
-19004.0
-20341.0
-10165.0
-14497.0
-12615.0
-17855.0
-15834.0
-14564.0
-12080.0
-13930.0
-13945.0
-14883.0
-14262.0
-16571.0
-11957.0
-13912.0
-12897.0
-13928.0
-15549.0
-14425.0
-13377.0
-13051.0
-12388.0
-13660.0
-10629.0
-11936.0
-14914.0
-13799.0
-15545.0
-13641.0
-10558.0
-12657.0
-11742.0
-10912.0
-15128.0
-12421.0
-11684.0
-11060.0
-11210.0
-12762.0
-12226.0
-11103.0
-10375.0
-12186.0
-10057.0
-9134.0
-9616.0
-10012.0
-12142.0
-11778.0
-10414.0
-10761.0
-10754.0
-9821.0
-9346.0
-10294.0
-9807.0
-10467.0
-10943.0
-8113.0
-8146.0
-8392.0
-7461.0
-9174.0
-8666.0
-8766.0
-9413.0
-10475.0
-8377.0
-8109.0
-7287.0
-7888.0
-9042.0
-8105.0
-7740.0
-8742.0
-8444.0
-8869.0
-9587.0
-8246.0
-8865.0
-8108.0
-7718.0
-8580.0
-8940.0
-6644.0
-7539.0
-7014.0
-7984.0
-9003.0
-7762.0
-7143.0
-6986.0
-6862.0
-6702.0
-7460.0
-6640.0
-6959.0
-7683.0
-6415.0
-6868.0
-5751.0
-5994.0
-6608.0
-7201.0
-7515.0
-7457.0
-6980.0
-5832.0
-6805.0
-5684.0
-6311.0
-5737.0
-6078.0
-6283.0
-5930.0
-7561.0
-5177.0
-5904.0
-6726.0
-6030.0
-4996.0
-5044.0
-5397.0
-6302.0
-5894.0
-6432.0
-5888.0
-5535.0
-5878.0
-5201.0
-5115.0
-5841.0
-5956.0
-5012.0
-6237.0
-5650.0
-5445.0
-5672.0
-6028.0
-5147.0
-4928.0
-5238.0
-5290.0
-5220.0
-4306.0
-4755.0
-5108.0
