6.458888888888889
7.054444444444444
8.335555555555555
9.148333333333333
6.221111111111111
6.906666666666666
6.8805555555555555
6.280555555555556
6.677407407407407
6.922962962962963
8.552407407407408
6.264444444444444
6.4164814814814815
5.425185185185185
7.107037037037037
6.704074074074074
5.4057407407407405
6.656851851851852
6.952037037037037
5.812592592592592
6.396851851851852
6.126666666666667
7.184259259259259
5.889444444444444
6.766481481481481
6.451296296296296
5.99537037037037
5.178333333333334
6.006296296296297
5.2625925925925925
6.41925925925926
4.713703703703704
6.426111111111111
6.34462962962963
5.52
4.988888888888889
6.358333333333333
4.901666666666666
5.062777777777778
5.517037037037037
5.352592592592592
6.232592592592592
5.78537037037037
4.578333333333333
5.722962962962963
5.114444444444445
4.984814814814815
4.1594444444444445
5.087962962962963
4.430740740740741
5.006666666666667
4.292592592592593
5.446111111111111
6.192777777777778
4.117407407407407
4.579814814814815
4.582592592592593
5.477037037037037
4.950925925925926
4.739259259259259
4.426851851851852
4.650740740740741
4.485555555555556
4.5814814814814815
4.535185185185185
5.16074074074074
4.140555555555555
4.473333333333334
4.161851851851852
4.492962962962963
4.997777777777777
4.5401851851851855
4.328518518518519
4.301851851851852
4.069444444444445
4.426481481481481
3.5675925925925926
3.955925925925926
4.71962962962963
4.468148148148148
5.028148148148148
4.41462962962963
3.5525925925925925
4.144814814814815
3.9764814814814815
4.285185185185185
5.143703703703704
4.201851851851852
3.990925925925926
3.775925925925926
3.957777777777778
4.108333333333333
3.9338888888888888
3.9996296296296294
3.7335185185185185
4.114814814814815
3.6262962962962964
3.4762962962962964
3.936111111111111
3.5211111111111113
4.048703703703704
4.332592592592593
3.638888888888889
3.681111111111111
3.7444444444444445
3.792222222222222
3.438148148148148
3.7472222222222222
3.631666666666667
4.178148148148148
3.710185185185185
3.1785185185185183
3.1287037037037035
3.160925925925926
3.468703703703704
3.4075925925925925
3.2544444444444443
3.314074074074074
3.4877777777777776
3.747037037037037
3.1574074074074074
3.1066666666666665
3.0305555555555554
3.256111111111111
3.2757407407407406
3.2598148148148147
2.9816666666666665
3.3133333333333335
3.6135185185185184
3.2907407407407407
3.555
3.5366666666666666
3.293888888888889
3.0385185185185186
2.975740740740741
3.170185185185185
3.5501851851851853
2.8742592592592593
2.948888888888889
2.953888888888889
3.330925925925926
3.6081481481481483
3.096296296296296
2.9674074074074075
3.1455555555555557
2.9385185185185185
2.778703703703704
2.798888888888889
2.792962962962963
2.85462962962963
3.1683333333333334
2.78
2.736666666666667
2.7335185185185185
2.7225925925925925
2.7288888888888887
2.9685185185185183
2.9483333333333333
2.9542592592592594
2.9114814814814816
2.832777777777778
2.8312962962962964
2.5770370370370372
2.677037037037037
2.5475925925925926
2.6724074074074076
2.7575925925925926
2.7416666666666667
3.1596296296296296
2.5190740740740742
2.601111111111111
2.7398148148148147
2.817962962962963
2.6101851851851854
2.5162962962962965
2.4874074074074075
2.6675925925925927
2.879074074074074
2.849814814814815
2.5792592592592594
2.811851851851852
2.7653703703703703
2.4988888888888887
2.6192592592592594
2.708148148148148
2.656111111111111
2.409074074074074
2.5633333333333335
2.5566666666666666
2.3803703703703705
2.7016666666666667
2.7112962962962963
2.47537037037037
2.2014814814814816
2.406851851851852
2.5657407407407407
2.497037037037037
2.4448148148148148
2.434814814814815
2.3566666666666665
