591.4792592592593
391.712962962963
365.2325925925926
329.02185185185186
402.7924074074074
368.63814814814816
463.22314814814814
268.16092592592594
386.357962962963
447.48574074074077
550.5929629629629
399.5422222222222
448.0825925925926
515.2018518518519
406.337962962963
441.31518518518516
307.70259259259257
401.41555555555556
368.51203703703703
379.63796296296294
404.76444444444445
301.53925925925927
548.0537037037037
438.275
402.22407407407405
344.09444444444443
420.52222222222224
442.6996296296296
435.7916666666667
487.51851851851853
479.0827777777778
427.8712962962963
396.75351851851855
362.43981481481484
445.71592592592594
494.4175925925926
361.8153703703704
332.03814814814814
413.6688888888889
429.1240740740741
443.07722222222225
347.3516666666667
419.5435185185185
388.67555555555555
367.2748148148148
463.6703703703704
420.47333333333336
334.4751851851852
394.02
459.67962962962963
280.25018518518516
335.515
424.6057407407407
487.69703703703703
373.6653703703704
295.78537037037034
409.51425925925923
388.6983333333333
324.4472222222222
242.72055555555556
408.50851851851854
377.0394444444444
376.33685185185186
269.847037037037
329.1709259259259
255.1938888888889
335.27814814814815
373.19814814814816
311.56703703703704
339.67685185185184
278.6072222222222
411.55074074074076
310.6387037037037
260.00055555555554
280.52037037037036
233.16555555555556
266.72333333333336
438.8768518518518
345.6661111111111
244.97240740740742
370.99666666666667
353.80425925925925
394.10092592592594
281.58629629629627
270.66055555555556
362.1501851851852
351.3487037037037
277.5374074074074
384.2816666666667
414.8168518518519
286.1401851851852
255.64555555555555
241.05796296296296
418.55648148148146
313.155
242.01574074074074
269.6759259259259
278.9488888888889
306.8601851851852
359.0451851851852
271.05444444444447
349.3824074074074
371.967962962963
248.77388888888888
176.6737037037037
335.7972222222222
228.40851851851852
258.5174074074074
255.7072222222222
383.885
357.457037037037
198.44055555555556
225.59037037037038
249.405
397.9201851851852
306.6262962962963
263.9664814814815
402.87185185185183
225.7662962962963
318.60703703703706
275.135
374.7237037037037
252.2811111111111
187.50703703703704
257.5159259259259
242.4024074074074
309.31425925925925
324.27814814814815
346.28814814814814
270.8553703703704
239.53203703703704
331.78314814814814
231.5137037037037
195.2425925925926
226.25444444444443
210.22648148148147
265.2916666666667
335.22425925925927
304.2251851851852
214.31148148148148
341.7590740740741
257.805
212.4514814814815
236.4572222222222
225.4738888888889
320.425
314.4062962962963
333.9794444444444
271.39
320.83962962962966
214.8061111111111
226.45944444444444
213.5125925925926
252.88611111111112
303.19388888888886
245.99407407407406
193.41925925925926
326.1990740740741
307.28444444444443
221.49722222222223
299.99018518518517
226.14537037037036
193.54074074074074
216.51037037037037
181.58537037037038
256.21407407407406
193.04055555555556
287.9261111111111
234.74425925925925
240.1174074074074
296.5618518518518
181.92203703703703
205.20925925925926
306.4824074074074
214.1387037037037
238.15537037037038
231.53814814814814
326.825
285.3525925925926
203.50574074074075
318.3301851851852
298.8174074074074
230.93722222222223
314.1885185185185
220.98314814814816
323.6412962962963
296.8074074074074
259.3631481481481
226.92925925925925
330.97814814814814
226.2151851851852
220.46648148148148
216.0137037037037
229.6085185185185
306.20814814814815
177.14870370370372
199.35722222222222
335.43555555555554
235.9738888888889
202.14537037037036
225.8448148148148
334.90092592592595
243.00666666666666
223.53648148148147
306.5787037037037
213.425
319.2637037037037
296.6685185185185
213.3761111111111
327.0494444444444
201.97833333333332
285.0798148148148
238.4990740740741
217.60203703703704
191.73203703703703
202.65740740740742
244.5174074074074
191.38944444444445
210.65574074074075
300.7561111111111
224.22796296296298
200.9148148148148
216.11351851851853
208.57814814814816
296.7696296296296
285.8753703703704
257.39407407407407
204.28592592592594
308.18296296296296
214.20888888888888
318.52814814814815
181.9638888888889
341.9837037037037
224.65185185185186
311.00018518518516
216.64
263.6185185185185
312.3774074074074
215.73203703703703
307.86518518518517
308.86574074074076
303.65055555555557
225.01888888888888
209.36981481481482
310.8538888888889
332.12
182.18277777777777
191.70685185185187
233.60777777777778
315.2675925925926
229.25407407407408
204.4274074074074
229.96296296296296
294.24944444444446
330.86277777777775
322.9683333333333
268.1087037037037
213.24
330.6512962962963
213.05759259259258
217.69055555555556
323.485
232.58555555555554
281.39351851851853
205.65796296296296
245.54981481481482
295.9762962962963
314.15833333333336
203.40777777777777
214.99962962962962
299.19574074074075
310.79833333333335
320.0064814814815
233.21481481481482
205.50351851851852
201.27314814814815
289.9935185185185
213.4987037037037
221.22722222222222
250.07574074074074
324.68203703703705
350.28833333333336
307.50018518518516
224.79074074074074
322.10425925925927
253.94685185185185
322.0964814814815
251.51481481481483
214.48055555555555
227.34907407407408
223.24425925925925
217.06166666666667
337.6464814814815
198.96074074074073
195.49648148148148
320.3407407407407
331.6414814814815
316.91425925925927
238.38129629629628
215.37685185185185
