-1865388.0999999999
-1028621.7999999999
-1012889.1999999998
-688912.6000000001
-814324.5999999995
-904314.1999999998
-1164954.2000000007
-604293.7999999997
-983655.6000000003
-1259454.1
-1697620.099999999
-881661.5
-1013462.7000000002
-1236082.9999999988
-867819.7000000002
-929106.8999999994
-681056.7000000003
-1041428.7000000003
-775046.2000000005
-817968.5000000001
-939634.4999999997
-593095.0
-1330322.9999999995
-1007867.7999999996
-1309973.7000000004
-707954.9
-1116156.799999999
-1010537.4
-1061398.4999999998
-1186363.9
-1328359.599999999
-886183.0000000003
-893786.5999999999
-792331.4999999999
-1112247.0999999994
-1209495.8999999994
-853659.5999999999
-794090.6000000001
-871855.4999999995
-1002491.7000000007
-956470.5999999993
-688930.3999999994
-947488.4000000003
-877315.5
-879606.9999999998
-1189195.3000000005
-933646.9999999994
-676061.4999999997
-958182.9000000004
-946385.4999999994
-672708.5000000003
-828523.7000000005
-882152.7000000003
-1138739.3999999994
-664957.2
-653208.5000000005
-754784.2
-830880.9000000004
-643151.2999999996
-525693.3999999997
-781736.6000000004
-700541.2000000001
-801749.9
-574196.1
-658293.8000000005
-592021.3999999996
-669866.4999999998
-768716.7999999998
-644979.3999999998
-1002201.2000000001
-540323.3000000002
-861401.7
-630928.3999999997
-463574.8
-504352.8999999999
-434241.2999999999
-556527.7000000003
-1010283.0999999997
-790186.2999999995
-609327.8
-758330.0999999996
-597616.7999999995
-793814.8999999987
-475471.2999999997
-469263.49999999994
-662327.3999999998
-752576.9999999999
-624897.0000000001
-756452.5000000005
-1018178.3
-592763.6
-490838.0000000001
-391955.0
-1060882.8
-524015.40000000026
-511805.20000000024
-503841.5
-548704.2000000007
-567140.7999999999
-680460.1000000001
-477462.3999999998
-619482.9999999998
-779356.8999999996
-516531.20000000007
-310607.0999999994
-655888.5999999997
-377459.29999999976
-511675.0999999999
-465921.20000000036
-832595.6000000002
-758051.4999999998
-330716.39999999985
-434467.99999999994
-427896.79999999976
-768642.8000000002
-498502.19999999984
-438107.49999999977
-1115824.3999999997
-421961.6000000001
-516787.19999999995
-549924.2000000002
-700884.2000000002
-574448.6000000006
-343053.8
-442859.3000000004
-419504.9999999998
-594268.5999999996
-578561.1000000003
-784791.8999999999
-525446.2000000001
-461344.1999999996
-632466.6
-382798.30000000016
-407243.49999999965
-356901.9999999999
-363969.8000000001
-486772.1999999997
-663269.8000000002
-544698.4000000001
-387065.39999999997
-571332.0000000006
-592598.4999999994
-381655.8000000001
-367749.70000000007
-467746.4999999997
-628965.9000000003
-635114.8000000003
-609285.1999999998
-580192.3999999999
-567501.0000000001
-535635.5
-364666.39999999973
-398850.3000000002
-478879.6
-528544.5999999995
-390498.89999999985
-327017.2999999999
-550244.6999999998
-506866.5
-336982.7999999999
-526045.8999999997
-395986.1
-370465.69999999984
-378649.0
-372038.3999999998
-460988.5
-432195.0000000001
-472674.2000000002
-346376.7
-436161.6999999997
-550961.5000000005
-350433.0
-340934.1999999999
-525592.7999999995
-367726.7000000002
-370277.50000000023
-374641.40000000014
-604762.9999999998
-547844.7
-351178.0000000003
-526901.2999999996
-489954.5999999998
-421875.49999999994
-453422.2000000003
-338707.3999999999
-709300.4000000001
-428302.4000000004
-423366.99999999994
-435829.5999999992
-613346.4999999995
-320454.1
-351618.1000000001
-310349.6000000002
-377877.00000000006
-564718.2000000002
-294752.7000000001
-371601.6999999999
-641592.6999999994
-315413.79999999993
-292608.7
-389649.10000000015
-558641.0999999996
-335335.10000000056
-340808.7000000002
-536662.5999999989
-360489.8000000002
-643816.3999999989
-532941.3999999998
-381163.4000000001
-547412.3
-441242.39999999997
-416453.4
-335023.7999999997
-382774.2000000004
-341157.7000000002
-309148.8000000011
-440176.9999999996
-362813.60000000027
-405127.30000000005
-459760.2999999995
-410304.3999999998
-383359.40000000043
-404854.0000000004
-405810.2999999998
-516295.70000000007
-526390.2999999997
-588869.4999999984
-333206.40000000014
-480763.30000000005
-298447.79999999993
-763182.9999999997
-271739.8999999996
-555794.3000000004
-334249.9000000006
-606489.1000000002
-361827.00000000035
-440859.1999999996
-575116.3999999993
-315917.90000000014
-544004.0999999996
-509095.39999999997
-576498.5999999993
-474396.30000000016
-411494.0999999998
-498976.39999999944
-450841.19999999955
-327117.7000000004
-411505.6000000002
-425812.5000000002
-583031.9999999999
-396785.40000000055
-347484.0000000002
-353380.30000000005
-416300.5000000001
-464751.09999999986
-666558.7999999993
-704901.3999999989
-427450.3000000004
-496641.00000000006
-348847.49999999977
-347879.7999999995
-486102.4999999993
-385675.39999999997
-520285.7000000008
-462848.6000000005
-863012.9000000004
-635546.5000000021
-552484.5000000012
-498208.5000000008
-386564.2
-538051.4000000011
-548460.1999999993
-727312.2000000001
-351159.89999999997
-448583.8000000004
-374076.2999999995
-1346725.5
-430054.09999999945
-452067.9999999997
-390967.2999999999
-466439.2999999996
-533907.7999999991
-630803.9000000026
-454483.3999999996
-655612.5999999983
-591284.3
-1105631.5000000058
-458031.9999999993
-403337.6999999999
-427070.299999999
-299391.8
-368912.8000000006
-549106.2999999995
-448255.6000000005
-327803.1999999992
-702277.8000000023
-849627.000000006
-499763.1999999974
-412884.0999999994
-487609.79999999894
