3193988
2115250
1972256
1776718
2175079
1990646
2501405
1448069
2086333
2416423
2973202
2157528
2419646
2782090
2194225
2383102
1661594
2167644
1989965
2050045
2185728
1628312
2959490
2366685
2172010
1858110
2270820
2390578
2353275
2632600
2587047
2310505
2142469
1957175
2406866
2669855
1953803
1793006
2233812
2317270
2392617
1875699
2265535
2098848
1983284
2503820
2270556
1806166
2127708
2482270
1513351
1811781
2292871
2633564
2017793
1597241
2211377
2098971
1752015
1310691
2205946
2036013
2032219
1457174
1777523
1378047
1810502
2015270
1682462
1834255
1504479
2222374
1677449
1404003
1514810
1259094
1440306
2369935
1866597
1322851
2003382
1910543
2128145
1520566
1461567
1955611
1897283
1498702
2075121
2240011
1545157
1380486
1301713
2260205
1691037
1306885
1456250
1506324
1657045
1938844
1463694
1886665
2008627
1343379
954038
1813305
1233406
1395994
1380819
2072979
1930268
1071579
1218188
1346787
2148769
1655782
1425419
2175508
1219138
1720478
1485729
2023508
1362318
1012538
1390586
1308973
1670297
1751102
1869956
1462619
1293473
1791629
1250174
1054310
1221774
1135223
1432575
1810211
1642816
1157282
1845499
1392147
1147238
1276869
1217559
1730295
1697794
1803489
1465506
1732534
1159953
1222881
1152968
1365585
1637247
1328368
1044464
1761475
1659336
1196085
1619947
1221185
1045120
1169156
980561
1383556
1042419
1554801
1267619
1296634
1601434
982379
1108130
1655005
1156349
1286039
1250306
1764855
1540904
1098931
1718983
1613614
1247061
1696618
1193309
1747663
1602760
1400561
1225418
1787282
1221562
1190519
1166474
1239886
1653524
956603
1076529
1811352
1274259
1091585
1219562
1808465
1312236
1207097
1655525
1152495
1724024
1602010
1152231
1766067
1090683
1539431
1287895
1175051
1035353
1094350
1320394
1033503
1137541
1624083
1210831
1084940
1167013
1126322
1602556
1543727
1389928
1103144
1664188
1156728
1720052
982605
1846712
1213120
1679401
1169856
1423540
1686838
1164953
1662472
1667875
1639713
1215102
1130597
1678611
1793448
983787
1035217
1261482
1702445
1237972
1103908
1241800
1588947
1786659
1744029
1447787
1151496
1785517
1150511
1175529
1746819
1255962
1519525
1110553
1325969
1598272
1696455
1098402
1160998
1615657
1678311
1728035
1259360
1109719
1086875
1565965
1152893
1194627
1350409
1753283
1891557
1660501
1213870
1739363
1371313
1739321
1358180
1158195
1227685
1205519
1172133
1823291
1074388
1055681
1729840
1790864
1711337
1287259
1163035
