-26820.0
-38090.0
-22810.0
-39489.0
-34893.0
-26212.0
-20077.0
-33700.0
-23882.0
-19787.0
-32222.0
-19837.0
-28317.0
-28933.0
-21719.0
-21256.0
-19752.0
-17838.0
-16564.0
-20490.0
-16965.0
-23450.0
-22903.0
-21209.0
-18830.0
-26823.0
-24103.0
-16184.0
-29441.0
-19144.0
-16449.0
-19903.0
-20123.0
-18004.0
-20113.0
-31985.0
-20122.0
-14773.0
-16041.0
-15531.0
-21399.0
-17656.0
-17851.0
-19883.0
-19787.0
-19706.0
-17059.0
-18390.0
-16948.0
-15309.0
-17876.0
-19310.0
-15010.0
-16365.0
-32259.0
-18196.0
-14492.0
-19237.0
-16929.0
-16661.0
-19601.0
-21775.0
-18356.0
-15597.0
-16438.0
-15279.0
-16723.0
-17751.0
-15561.0
-12904.0
-15031.0
-15539.0
-14687.0
-15369.0
-18635.0
-17723.0
-16832.0
-14576.0
-14971.0
-19556.0
-22572.0
-11169.0
-11971.0
-15043.0
-15145.0
-13622.0
-16475.0
-12344.0
-15209.0
-15547.0
-12535.0
-16141.0
-14267.0
-13718.0
-23042.0
-13156.0
-14536.0
-11213.0
-15722.0
-12097.0
-12681.0
-17654.0
-12567.0
-12113.0
-15050.0
-12694.0
-12547.0
-14832.0
-13571.0
-14093.0
-10479.0
-10755.0
-10845.0
-12611.0
-11486.0
-11815.0
-11465.0
-11918.0
-11285.0
-11438.0
-11351.0
-12887.0
-10254.0
-12326.0
-13504.0
-11334.0
-11253.0
-11308.0
-11997.0
-11645.0
-11484.0
-11494.0
-11079.0
-10135.0
-10963.0
-11339.0
-9924.0
-10664.0
-12530.0
-11495.0
-9184.0
-11507.0
-9796.0
-11527.0
-10769.0
-9357.0
-10025.0
-9129.0
-10580.0
-8540.0
-12908.0
-8445.0
-9804.0
-9660.0
-9040.0
-11551.0
-8622.0
-9275.0
-10004.0
-9913.0
-9727.0
-8511.0
-10012.0
-11051.0
-8686.0
-8404.0
-9766.0
-8921.0
-8297.0
-8204.0
-10009.0
-8875.0
-8300.0
-7474.0
-9347.0
-8404.0
-8520.0
-10410.0
-7853.0
-8631.0
-8060.0
-8882.0
-9321.0
-7083.0
-8966.0
-9030.0
-7319.0
-7993.0
-8614.0
-8880.0
-8218.0
-7265.0
-8224.0
-8167.0
-7541.0
-8115.0
-8836.0
-7437.0
-7651.0
-7449.0
-7601.0
-7791.0
-7769.0
-6741.0
-8715.0
-8130.0
-9564.0
-7237.0
-7275.0
-6481.0
-7354.0
-7212.0
-6658.0
-7206.0
-7323.0
-6476.0
-7179.0
-9211.0
-5720.0
-6206.0
-6485.0
-7224.0
-7040.0
-8351.0
-7271.0
-7264.0
-7080.0
-7346.0
-6147.0
-6075.0
-5671.0
-6989.0
-7722.0
-5726.0
-7381.0
-5920.0
-6730.0
-5554.0
-6930.0
-6294.0
-5990.0
-7174.0
-6109.0
-5841.0
-6428.0
-6105.0
-5474.0
-5978.0
-6230.0
-6031.0
-6103.0
-6011.0
-5450.0
-6111.0
-5385.0
-6021.0
-6470.0
-4866.0
-5471.0
-6685.0
-6887.0
-6166.0
-6121.0
-5885.0
-6310.0
-5277.0
-6474.0
-6492.0
-5198.0
-5305.0
-5511.0
-5155.0
-5189.0
-5101.0
-4988.0
-4977.0
-4722.0
-5558.0
-5764.0
-6460.0
-5238.0
-5229.0
-5160.0
-5660.0
-4755.0
-5010.0
-4860.0
-4506.0
-5036.0
-4985.0
-5453.0
-5035.0
-5128.0
-4702.0
-5827.0
-4523.0
-4684.0
-4188.0
-5114.0
-4027.0
