39481
53078
35569
55275
50159
38757
32164
47931
36265
30652
46760
30483
41314
41088
35561
33221
31325
30149
27362
32368
28267
35212
37892
33659
29308
41847
36744
26813
43634
30672
27588
31600
31983
28576
31851
46816
32810
25294
25896
28593
32153
28372
28831
31688
31258
31554
28319
29059
26914
25731
28875
30797
25215
27721
51302
29474
26112
30216
28769
27993
34217
33149
29534
25691
26922
26407
27449
28223
26457
23677
25405
25507
25053
25808
29171
28286
27792
24591
26156
30927
37372
21515
21633
25680
25737
24914
28578
22714
26371
26174
21965
27722
23756
25221
35840
23559
24940
21950
30165
22064
22185
33308
22535
22374
25358
25048
22865
26529
25089
27436
20022
20903
20122
22025
22785
22599
20817
22123
20998
21350
21264
22071
19713
22124
23688
21103
20528
21694
23816
21759
20902
22087
21376
19055
20589
21026
19852
20895
22478
21150
19397
21352
18791
22021
20691
18861
18917
18655
20906
17630
23240
17127
19564
18198
17906
20930
17763
18249
19386
18907
19174
17678
19766
20968
17767
17200
19062
17917
17421
17535
19367
18339
17011
17915
19274
17300
18530
21347
17913
17499
18387
18814
18534
16298
17320
17675
16380
17859
17865
16981
17945
16498
16933
16655
16090
17269
18194
17672
16924
15884
15969
15865
16648
14905
19215
17465
19430
16707
16275
15111
16609
15956
15519
15927
16654
14750
16098
17804
14514
14178
15219
16235
16044
17266
18057
16241
17710
16043
15525
14674
14058
15749
16304
14736
16068
14073
15672
14065
14822
15475
14085
16218
14692
15097
15915
14756
13487
14396
14827
14194
14379
14765
13763
14610
13449
14443
17387
12879
14494
15567
15470
14739
14714
13776
14716
13064
15034
15004
13247
12788
13679
13889
12357
13132
12557
12413
14283
14130
14025
14942
15205
13785
12702
13712
12023
13020
12451
13001
14235
13183
13254
13846
13280
12685
13981
12850
12966
11960
13528
12159
