7.311296296296296
9.82925925925926
6.5868518518518515
10.23611111111111
9.288703703703703
7.177222222222222
5.956296296296296
8.876111111111111
6.715740740740741
5.676296296296297
8.65925925925926
5.645
7.650740740740741
7.608888888888889
6.58537037037037
6.152037037037037
5.800925925925926
5.583148148148148
5.0670370370370375
5.994074074074074
5.234629629629629
6.520740740740741
7.017037037037037
6.233148148148148
5.427407407407407
7.749444444444444
6.804444444444444
4.96537037037037
8.080370370370371
5.68
5.108888888888889
5.851851851851852
5.922777777777778
5.291851851851852
5.898333333333333
8.669629629629629
6.075925925925926
4.684074074074074
4.795555555555556
5.295
5.954259259259259
5.254074074074074
5.339074074074074
5.868148148148149
5.788518518518519
5.843333333333334
5.244259259259259
5.381296296296297
4.984074074074074
4.765
5.347222222222222
5.7031481481481485
4.669444444444444
5.133518518518518
9.500370370370371
5.458148148148148
4.835555555555556
5.595555555555555
5.327592592592593
5.183888888888889
6.336481481481481
6.138703703703704
5.4692592592592595
4.757592592592593
4.985555555555556
4.890185185185185
5.083148148148148
5.226481481481481
4.899444444444445
4.38462962962963
4.70462962962963
4.723518518518518
4.639444444444444
4.779259259259259
5.402037037037037
5.238148148148148
5.1466666666666665
4.553888888888889
4.843703703703704
5.727222222222222
6.920740740740741
3.984259259259259
4.006111111111111
4.7555555555555555
4.766111111111111
4.613703703703703
5.292222222222223
4.206296296296296
4.883518518518518
4.847037037037037
4.067592592592592
5.133703703703704
4.399259259259259
4.670555555555556
6.637037037037037
4.362777777777778
4.618518518518519
4.064814814814815
5.586111111111111
4.085925925925926
4.108333333333333
6.168148148148148
4.173148148148148
4.1433333333333335
4.695925925925926
4.638518518518518
4.234259259259259
4.9127777777777775
4.646111111111111
5.08074074074074
3.707777777777778
3.870925925925926
3.7262962962962964
4.078703703703703
4.219444444444444
4.185
3.855
4.096851851851852
3.8885185185185187
3.9537037037037037
3.937777777777778
4.0872222222222225
3.6505555555555556
4.097037037037037
4.386666666666667
3.907962962962963
3.8014814814814817
4.017407407407408
4.41037037037037
4.029444444444445
3.870740740740741
4.090185185185185
3.9585185185185185
3.528703703703704
3.812777777777778
3.8937037037037037
3.676296296296296
3.8694444444444445
4.162592592592593
3.9166666666666665
3.592037037037037
3.954074074074074
3.479814814814815
4.077962962962963
3.8316666666666666
3.492777777777778
3.5031481481481483
3.4546296296296295
3.8714814814814815
3.2648148148148146
4.303703703703704
3.171666666666667
3.622962962962963
3.37
3.3159259259259257
3.8759259259259258
3.2894444444444444
3.3794444444444443
3.59
3.5012962962962964
3.5507407407407405
3.2737037037037036
3.6603703703703703
3.882962962962963
3.290185185185185
3.185185185185185
3.53
3.317962962962963
3.226111111111111
3.2472222222222222
3.5864814814814814
3.3961111111111113
3.150185185185185
3.3175925925925926
3.569259259259259
3.2037037037037037
3.4314814814814816
3.953148148148148
3.317222222222222
3.2405555555555554
3.405
3.484074074074074
3.4322222222222223
3.018148148148148
3.2074074074074073
3.2731481481481484
3.033333333333333
3.3072222222222223
3.308333333333333
3.1446296296296294
3.323148148148148
3.0551851851851852
3.135740740740741
3.0842592592592593
2.97962962962963
3.197962962962963
3.3692592592592594
3.2725925925925927
3.134074074074074
2.9414814814814814
2.957222222222222
2.937962962962963
3.082962962962963
2.7601851851851853
3.558333333333333
3.234259259259259
3.598148148148148
3.093888888888889
3.013888888888889
2.7983333333333333
3.075740740740741
2.954814814814815
2.8738888888888887
2.9494444444444445
3.084074074074074
2.7314814814814814
2.9811111111111113
3.297037037037037
2.687777777777778
2.6255555555555556
2.8183333333333334
3.0064814814814813
2.971111111111111
3.1974074074074075
3.343888888888889
3.0075925925925926
3.2796296296296297
2.970925925925926
2.875
2.7174074074074075
2.6033333333333335
2.9164814814814815
3.0192592592592593
2.7288888888888887
2.9755555555555557
2.6061111111111113
2.902222222222222
2.60462962962963
2.7448148148148146
2.865740740740741
2.6083333333333334
3.0033333333333334
2.720740740740741
2.7957407407407406
2.9472222222222224
2.7325925925925927
2.497592592592593
2.665925925925926
2.745740740740741
2.6285185185185185
2.662777777777778
2.734259259259259
2.548703703703704
2.7055555555555557
2.4905555555555554
2.6746296296296297
3.2198148148148147
2.385
2.6840740740740743
2.8827777777777777
2.8648148148148147
2.7294444444444443
2.724814814814815
2.551111111111111
2.725185185185185
2.419259259259259
2.784074074074074
2.7785185185185184
2.453148148148148
2.368148148148148
2.533148148148148
2.572037037037037
2.2883333333333336
2.4318518518518517
2.3253703703703703
2.298703703703704
2.645
2.6166666666666667
2.5972222222222223
2.767037037037037
2.8157407407407407
2.5527777777777776
2.352222222222222
2.5392592592592593
2.2264814814814815
2.411111111111111
2.305740740740741
2.4075925925925925
2.636111111111111
2.4412962962962963
2.4544444444444444
2.564074074074074
2.4592592592592593
2.349074074074074
2.589074074074074
2.3796296296296298
2.401111111111111
2.214814814814815
2.5051851851851854
2.2516666666666665
