-1376029.0
-848654.0
-1223261.0
-1227403.0
-1448142.0
-982847.0
-1364644.0
-770419.0
-1256125.0
-940559.0
-1548192.0
-1078646.0
-713057.0
-1803841.0
-1351967.0
-1414253.0
-1063300.0
-1123467.0
-1192411.0
-780665.0
-1390260.0
-1094669.0
-1115840.0
-901794.0
-1154830.0
-1140500.0
-969871.0
-943489.0
-925565.0
-1006000.0
-1243450.0
-948418.0
-936771.0
-743907.0
-1019542.0
-1175682.0
-969843.0
-1156451.0
-1222566.0
-947355.0
-1131376.0
-730884.0
-769605.0
-1340095.0
-518909.0
-959060.0
-907629.0
-1010546.0
-1052387.0
-682073.0
-766464.0
-847838.0
-775382.0
-1008601.0
-904019.0
-411470.0
-634798.0
-1187116.0
-474108.0
-460564.0
-970757.0
-945060.0
-500811.0
-752887.0
-881528.0
-519232.0
-668474.0
-820882.0
-601396.0
-606428.0
-721756.0
-910807.0
-594096.0
-470682.0
-265184.0
-265633.0
-618177.0
-820499.0
-605520.0
-562128.0
-669450.0
-654497.0
-707937.0
-566372.0
-830380.0
-972937.0
-777429.0
-298038.0
-912956.0
-675810.0
-714687.0
-512698.0
-437512.0
-630480.0
-390430.0
-337289.0
-367429.0
-288358.0
-484082.0
-520845.0
-373969.0
-457149.0
-754392.0
-334859.0
-329895.0
-476221.0
-309052.0
-299813.0
-541257.0
-563161.0
-677664.0
-405331.0
-420510.0
-401219.0
-459271.0
-518961.0
-287745.0
-372609.0
-483626.0
-337978.0
-340746.0
-287045.0
-369762.0
-243493.0
-467435.0
-316247.0
-464543.0
-335836.0
-534996.0
-273545.0
-352766.0
-490230.0
-201562.0
-261626.0
-260213.0
-141646.0
-454014.0
-404095.0
-341034.0
-310196.0
-458749.0
-255185.0
-267977.0
-297359.0
-309237.0
-444098.0
-263289.0
-496999.0
-345550.0
-396465.0
-281703.0
-213626.0
-177557.0
-157731.0
-489671.0
-304433.0
-253449.0
-362447.0
-442938.0
-269615.0
-435312.0
-280105.0
-184886.0
-194659.0
-170345.0
-181703.0
-251163.0
-435813.0
-170339.0
-240871.0
-283510.0
-262413.0
-297491.0
-424078.0
-300383.0
-235517.0
-152060.0
-242987.0
-274432.0
-161571.0
-250579.0
-344976.0
-224516.0
-299415.0
-200545.0
-422103.0
-269539.0
-205489.0
-158451.0
-346152.0
-176911.0
-118317.0
-249126.0
-137572.0
-277122.0
-116822.0
-150515.0
-368930.0
-180126.0
-201081.0
-170736.0
-319054.0
-217038.0
-177600.0
-274587.0
-133483.0
-372642.0
-399123.0
-153006.0
-318568.0
-152562.0
-298473.0
-146286.0
-165661.0
-130574.0
-146669.0
-366006.0
-121138.0
-103296.0
-327752.0
-165544.0
-123495.0
-255752.0
-167161.0
-246863.0
-303266.0
-297037.0
-168204.0
-300984.0
-152792.0
-212519.0
-118332.0
-313697.0
-115083.0
-210337.0
-134531.0
-269770.0
-233037.0
-144863.0
-316637.0
-254726.0
-278975.0
-128053.0
-112424.0
-242536.0
-189352.0
-175817.0
-174408.0
-146690.0
-392912.0
-120115.0
-100696.0
-136080.0
-307105.0
-228147.0
-264376.0
-232668.0
-120712.0
-212431.0
-84256.0
-119245.0
-272378.0
-127331.0
-210705.0
-124012.0
-103588.0
-181380.0
-172925.0
-227746.0
-107907.0
-242803.0
-233547.0
-414008.0
-102054.0
-123707.0
-126770.0
-336039.0
-136265.0
-126323.0
-141087.0
-158691.0
-289710.0
-235242.0
-100918.0
-235100.0
-110377.0
-223011.0
-118559.0
-161925.0
-126020.0
-132664.0
-111735.0
-192673.0
-126836.0
-115775.0
-243362.0
-201290.0
-184503.0
-131061.0
-167806.0
