2790765
1813363
2494534
2522162
2808666
2133192
2681334
1662878
2526083
2014827
2845107
2383280
1806752
3399531
2717654
2783715
2080332
2281531
2540511
1713937
2669178
2297546
2389739
2071610
2393914
2266871
2043124
2130683
2060546
2313790
2542144
2229667
2184417
1502281
2307930
2490348
2150563
2381862
2591515
2070048
2465781
1869188
1702055
2709309
1312561
2149108
1940437
2050434
2323193
1660288
1732258
1917994
1876485
2189045
2053713
1178501
1708004
2482914
1363968
1142065
2110143
2264750
1158888
1792609
1896731
1376886
1641442
1929031
1543039
1553893
1644145
2076869
1420916
1179984
962973
915010
1413969
1965241
1464758
1437885
1722748
1415860
1759725
1127595
1827256
2069672
1955396
990295
1672316
1611920
1660943
1379672
1134981
1668138
1102969
1024610
1153632
855872
1426772
1386169
1123854
1418241
1780206
1096302
920874
1482898
1020889
933817
1142269
1611248
1722715
1067492
1133737
1118064
1414942
1187354
897951
1245021
1287329
1197353
1015036
1026505
1078021
760384
1287119
938167
1362076
1003442
1349033
918124
1102073
1486656
764737
655658
770692
558412
983781
1138241
1154134
839492
1404380
730705
764891
963927
1021732
1082172
668165
1309569
972635
1242844
778830
619049
574698
613622
1375068
930493
772162
1182103
1090448
785557
1394519
755980
686724
603876
492399
534572
749911
972235
638336
639909
859575
679414
827563
1030529
935762
734053
491558
879376
923331
578995
806542
835494
656193
965066
601344
1042909
901959
660387
545954
1109244
582494
461084
780909
420078
797811
400285
533936
955801
517847
584443
516432
965379
605555
553242
853006
432142
964410
946141
495484
833716
517485
840853
482026
564488
463960
491651
961152
453966
409292
886951
514861
408554
637822
551699
678977
869972
926816
546355
771090
524649
731085
446694
892679
374831
687225
454558
954722
784537
509334
806265
826909
686787
420389
436176
732045
596411
558038
482762
461319
969562
436665
393331
578911
894633
664564
816286
707484
438693
758184
352963
424127
794748
448154
726396
423656
435548
585829
694907
640694
365718
739015
701330
906758
434816
456462
444577
875749
484845
442673
439175
676191
916923
695992
414131
733206
415071
704168
368078
506850
413861
476340
411008
736595
454201
379832
776538
593081
652010
475916
627510
