516.8083333333333
335.80796296296296
461.95074074074074
467.06703703703704
520.1233333333333
395.03555555555556
496.54333333333335
307.9403703703704
467.79314814814813
373.11611111111114
526.8716666666667
441.34814814814814
334.5837037037037
629.5427777777778
503.2692592592593
515.5027777777777
385.24666666666667
422.50574074074075
470.465
317.39574074074073
494.2922222222222
425.4714814814815
442.54425925925926
383.6314814814815
443.3174074074074
419.79092592592593
378.3562962962963
394.5709259259259
381.5825925925926
428.47962962962964
470.7674074074074
412.9012962962963
404.52166666666665
278.2001851851852
427.39444444444445
461.17555555555555
398.2524074074074
441.0855555555556
479.9101851851852
383.34222222222223
456.62611111111113
346.14592592592595
315.19537037037037
501.7238888888889
243.06685185185185
397.982962962963
359.3401851851852
379.71
430.22092592592594
307.46074074074073
320.7885185185185
355.1840740740741
347.4972222222222
405.3787037037037
380.3172222222222
218.24092592592592
316.29703703703706
459.7988888888889
252.58666666666667
211.49351851851853
390.76722222222224
419.39814814814815
214.60888888888888
331.96462962962966
351.24648148148145
254.9788888888889
303.9707407407407
357.227962962963
285.74796296296296
287.75796296296295
304.4712962962963
384.6053703703704
263.1325925925926
218.51555555555555
178.32833333333335
169.4462962962963
261.8461111111111
363.9335185185185
271.2514814814815
266.275
319.0274074074074
262.1962962962963
325.875
208.8138888888889
338.38074074074075
383.2725925925926
362.1103703703704
183.38796296296297
309.6881481481482
298.5037037037037
307.582037037037
255.49481481481482
210.18166666666667
308.9144444444444
204.25351851851852
189.7425925925926
213.63555555555556
158.49481481481482
264.217037037037
256.69796296296295
208.1211111111111
262.63722222222225
329.66777777777776
203.01888888888888
170.53222222222223
274.61074074074077
189.05351851851853
172.92907407407407
211.5312962962963
298.37925925925924
319.02129629629627
197.6837037037037
209.9512962962963
207.04888888888888
262.0262962962963
219.88037037037037
166.28722222222223
230.55944444444444
238.39425925925926
221.73203703703703
187.96962962962962
190.09351851851852
199.6335185185185
140.81185185185186
238.35537037037037
173.73462962962964
252.2362962962963
185.8225925925926
249.82092592592593
170.02296296296296
204.08759259259259
275.3066666666667
141.61796296296296
121.41814814814815
142.72074074074075
103.40962962962963
182.18166666666667
210.78537037037037
213.7285185185185
155.46148148148148
260.07037037037037
135.31574074074075
141.6464814814815
178.505
189.20962962962963
200.40222222222224
123.73425925925926
242.51277777777779
180.1175925925926
230.1562962962963
144.2277777777778
114.6387037037037
106.42555555555556
113.6337037037037
254.64222222222222
172.31351851851852
142.99296296296296
218.90796296296296
201.9348148148148
145.47351851851852
258.24425925925925
139.9962962962963
127.17111111111112
111.82888888888888
91.185
98.99481481481482
138.8724074074074
180.0435185185185
118.21037037037037
118.50166666666667
159.18055555555554
125.8174074074074
153.25240740740742
190.83870370370371
173.28925925925927
135.93574074074073
91.02925925925926
162.84740740740742
170.98722222222221
107.2212962962963
149.35962962962964
154.7211111111111
121.51722222222222
178.71592592592592
111.36
193.13129629629628
167.02944444444444
122.29388888888889
101.10259259259259
205.41555555555556
107.86925925925927
85.38592592592593
144.61277777777778
77.79222222222222
147.74277777777777
74.12685185185185
98.87703703703704
177.0001851851852
95.89759259259259
108.23018518518519
95.63555555555556
178.77388888888888
112.13981481481481
102.45222222222222
157.96407407407406
80.0262962962963
178.59444444444443
175.2112962962963
91.7562962962963
154.39185185185184
95.83055555555555
155.71351851851853
89.26407407407407
104.53481481481481
85.91851851851852
91.04648148148148
177.9911111111111
84.06777777777778
75.79481481481481
164.2501851851852
95.34462962962964
75.65814814814814
118.11518518518518
102.16648148148148
125.73648148148148
161.10592592592593
171.6325925925926
101.17685185185185
142.79444444444445
97.15722222222222
135.38611111111112
82.72111111111111
165.31092592592591
69.41314814814815
127.26388888888889
84.1774074074074
176.80037037037036
145.28462962962962
94.32111111111111
149.30833333333334
153.13129629629628
127.18277777777777
77.84981481481482
80.77333333333333
135.5638888888889
110.44648148148148
103.34037037037037
89.40037037037037
85.42944444444444
179.5485185185185
80.8638888888889
72.83907407407408
107.20574074074074
165.67277777777778
123.0674074074074
151.16407407407408
131.01555555555555
81.23944444444444
140.40444444444444
65.36351851851852
78.54203703703703
147.17555555555555
82.99148148148149
134.51777777777778
78.45481481481481
80.65703703703704
108.48685185185185
128.68648148148148
118.64703703703704
67.72555555555556
136.85462962962964
129.8759259259259
167.91814814814813
80.52148148148149
84.53
82.32907407407407
162.17574074074074
89.78611111111111
81.97648148148149
81.32870370370371
125.22055555555555
169.80055555555555
128.8874074074074
76.69092592592592
135.7788888888889
76.865
130.40148148148148
68.16259259259259
93.86111111111111
76.64092592592593
88.21111111111111
76.11259259259259
136.40648148148148
84.1112962962963
70.33925925925926
143.80333333333334
109.82981481481481
120.74259259259259
88.13259259259259
116.20555555555555
