39553
55970
40218
44875
38673
63731
38011
37625
32931
41021
45062
28992
27514
48870
64463
33465
42438
33954
34764
31018
36471
37567
30581
37985
30956
31476
27454
33029
30264
32065
37536
34578
36416
30326
29313
72230
37092
31868
37653
35722
28366
36930
39281
30096
34875
42517
31658
31188
27883
29664
30278
33124
29217
23939
29978
29729
42025
24456
31053
24932
35486
29210
25352
24066
28793
46984
24877
27059
26018
28937
26073
23803
27908
25887
24414
26832
23133
22816
30965
27293
27828
22423
21324
28624
28048
34702
28210
27565
28592
25418
22314
24936
24981
24904
25608
21594
20773
24598
25798
22651
23813
23472
23028
20286
24173
25573
23076
23899
25006
27696
24963
21574
21914
21339
24740
22249
20848
19468
20960
22430
20276
19758
21440
20190
21430
16991
21595
18151
20627
23618
20108
21989
18580
18958
20592
21688
20440
17831
19747
17792
21320
23164
18409
20458
19818
17110
19355
19871
19183
17190
18212
17044
18424
17684
18783
17293
19485
21061
16267
16455
20614
16443
18639
17781
16847
17695
18212
20570
17849
17939
15169
17203
17091
17963
18586
14950
17784
17164
20671
17213
20840
18630
15129
18150
17315
17648
15483
17620
18179
17004
17350
16389
16222
15690
17902
14647
15828
20811
17199
18628
16088
15703
15794
15063
20007
14891
676755
24059
15480
21262
63109
94550
63057
132390
105051
239032
42285
93233
147489
77803
28168
77265
35261
95631
42519
68702
226014
94416
67418
86401
55744
57079
105682
108374
81268
91710
83447
69603
52176
69673
85457
49828
67765
56759
85026
45935
51487
41456
115558
58206
49578
100704
54608
61744
49851
60475
51100
60247
208039
72004
89292
65000
47253
93762
57212
49412
46784
52585
59005
64855
59190
47085
59244
65995
58999
26282
33369
52362
59167
58308
58770
39127
55195
35973
42399
42324
41356
40675
40127
46969
61783
54690
63405
61013
48845
45654
39993
45598
48805
44465
