-12547.69999999999
-13143.000000000002
-15026.600000000002
-14801.300000000008
-12705.500000000011
-11650.299999999997
-14710.700000000006
-14228.00000000001
-11190.000000000002
-15753.199999999999
-14004.500000000004
-10665.599999999995
-11360.700000000003
-12878.400000000005
-15257.499999999996
-13321.800000000003
-14978.600000000006
-13502.100000000006
-12499.799999999994
-12060.999999999996
-14294.900000000005
-14180.000000000007
-10333.700000000006
-12496.099999999997
-12993.899999999989
-12196.699999999984
-11320.200000000008
-12972.199999999997
-11622.600000000006
-11742.200000000003
-13919.399999999989
-12610.900000000012
-13171.700000000003
-11907.399999999998
-11302.900000000007
-10492.899999999996
-12628.899999999996
-12959.999999999998
-12758.00000000001
-12239.0
-10843.099999999993
-14372.900000000001
-12939.199999999992
-12059.200000000003
-13570.000000000005
-15412.400000000003
-11430.300000000005
-12211.00000000001
-10948.499999999993
-12447.4
-11350.599999999997
-13581.400000000009
-11193.8
-9388.200000000003
-8506.700000000008
-12173.600000000008
-14582.199999999997
-9339.500000000004
-12393.199999999995
-9519.800000000005
-12347.300000000003
-10917.300000000007
-10064.599999999995
-9868.4
-11069.800000000001
-11503.000000000005
-9056.700000000004
-10011.6
-9672.700000000004
-10727.199999999997
-9597.199999999995
-9458.999999999996
-11589.500000000005
-10050.199999999997
-9080.499999999993
-11413.899999999998
-8795.000000000002
-8749.4
-11473.699999999997
-10595.1
-10454.999999999998
-9082.000000000005
-8234.699999999995
-10888.000000000007
-10510.599999999999
-11469.3
-10349.299999999994
-10395.800000000008
-10977.0
-10440.300000000003
-8783.499999999996
-9408.1
-9285.200000000003
-9472.2
-9599.600000000002
-7956.799999999999
-7959.199999999994
-9674.600000000002
-8599.799999999996
-8914.699999999997
-10230.100000000006
-8147.600000000005
-8841.000000000004
-7263.099999999999
-9252.1
-9599.099999999995
-8496.000000000005
-9207.300000000005
-9207.299999999996
-8806.399999999998
-10050.400000000007
-7944.600000000002
-8780.599999999999
-8344.00000000001
-8848.900000000003
-8055.699999999999
-8204.999999999998
-7755.399999999996
-8055.900000000003
-8198.699999999997
-8241.2
-7380.499999999996
-8765.6
-7008.400000000003
-8237.399999999998
-6142.299999999995
-8333.0
-6685.400000000004
-6817.5
-8699.699999999995
-6953.7999999999965
-6314.900000000001
-6660.900000000003
-6812.7999999999965
-8205.1
-8341.099999999999
-6953.699999999998
-6746.000000000002
-7000.7
-6286.199999999998
-6680.400000000002
-8843.099999999999
-6372.700000000001
-7663.700000000002
-7204.999999999999
-5724.800000000002
-6971.300000000001
-7686.300000000002
-6721.600000000001
-6072.199999999998
-6682.700000000001
-6091.500000000003
-6550.1
-6341.000000000002
-6956.0999999999985
-6215.999999999998
-7377.200000000005
-8368.000000000004
-5601.600000000002
-5442.000000000001
-6825.500000000001
-5573.0999999999985
-6418.099999999999
-6594.600000000001
-6046.599999999999
-6282.699999999998
-6740.799999999998
-7597.600000000001
-5940.799999999998
-6175.9
-5263.000000000005
-5642.199999999998
-5673.0999999999985
-6387.699999999999
-6713.7000000000035
-4628.9000000000015
-6359.3
-4869.4
-6414.399999999993
-6285.899999999999
-6844.400000000001
-6019.699999999999
-5065.399999999998
-6382.0
-5745.199999999999
-6095.0999999999985
-4650.600000000002
-6210.600000000004
-6104.9
-6129.7000000000035
-5302.800000000001
-5232.199999999999
-5337.600000000003
-5422.300000000002
-6796.800000000005
-4703.700000000004
-5134.2999999999965
-6165.899999999999
-5749.599999999998
-6516.0999999999985
-5328.799999999999
-4943.500000000003
-5653.1
-4905.300000000004
-5892.100000000002
-4886.099999999999
-4636.300000000002
-8043.200000000003
-4581.700000000004
-7480.7999999999965
-12340.10000000002
-3435.2000000000035
-13691.900000000014
-7528.000000000013
-3442.4000000000015
-4040.900000000003
-5439.100000000003
-8610.300000000003
-2720.300000000003
-10037.300000000012
-4721.300000000007
-6090.200000000012
-7493.400000000004
-5758.300000000002
-5733.200000000008
-1863.8000000000027
-5532.900000000002
-6561.100000000003
-6695.000000000006
-7907.200000000007
-8801.700000000006
-7333.600000000006
-6161.800000000005
-4968.5
-13901.700000000008
-9371.600000000006
-12856.900000000021
-9506.900000000012
-7986.500000000005
-6438.400000000008
-11324.600000000008
-11560.599999999999
-8588.100000000017
-6811.10000000001
-5288.500000000004
-6778.999999999999
-3538.200000000005
-7560.499999999996
-1998.4000000000017
-4588.800000000004
-8493.500000000002
-4175.300000000003
-3603.6000000000035
-5507.100000000011
-3165.2000000000066
-11971.700000000004
-6884.400000000004
-10686.400000000009
-8670.90000000001
-10473.100000000006
-12248.900000000003
-12374.000000000018
-5259.900000000006
-8096.600000000012
-9649.0
-8399.600000000006
-11788.099999999999
-3055.600000000003
-13184.600000000002
-1876.800000000002
-3351.9000000000065
-10700.499999999996
-1985.6
-11290.90000000001
-13430.300000000012
-4633.199999999998
-5657.900000000006
-10537.100000000006
-10181.100000000011
-13077.199999999999
-14745.600000000015
-5431.100000000003
-14786.599999999999
-4932.400000000001
-5841.900000000007
-11145.499999999995
-6908.200000000006
-5648.700000000007
-8671.2
-11391.200000000026
-11333.400000000005
-12054.600000000008
-7519.80000000001
-10052.200000000015
-10290.400000000009
-2997.200000000003
-2498.500000000002
-11703.999999999996
-13646.80000000001
-2019.7000000000019
