7.32462962962963
10.364814814814816
7.447777777777778
8.310185185185185
7.161666666666667
11.802037037037037
7.039074074074074
6.967592592592593
6.098333333333334
7.596481481481481
8.344814814814814
5.368888888888889
5.095185185185185
9.05
11.937592592592592
6.197222222222222
7.858888888888889
6.2877777777777775
6.437777777777778
5.744074074074074
6.753888888888889
6.956851851851852
5.6631481481481485
7.034259259259259
5.732592592592592
5.828888888888889
5.084074074074074
6.116481481481482
5.604444444444445
5.937962962962963
6.9511111111111115
6.403333333333333
6.743703703703703
5.615925925925926
5.428333333333334
13.375925925925927
6.868888888888889
5.901481481481482
6.972777777777778
6.615185185185185
5.252962962962963
6.838888888888889
7.274259259259259
5.573333333333333
6.458333333333333
7.873518518518519
5.862592592592593
5.775555555555556
5.163518518518519
5.493333333333333
5.607037037037037
6.134074074074074
5.410555555555556
4.433148148148148
5.551481481481481
5.50537037037037
7.782407407407407
4.528888888888889
5.750555555555556
4.617037037037037
6.571481481481482
5.409259259259259
4.694814814814815
4.456666666666667
5.332037037037037
8.700740740740741
4.606851851851852
5.010925925925926
4.818148148148148
5.3587037037037035
4.828333333333333
4.407962962962963
5.168148148148148
4.793888888888889
4.521111111111111
4.9688888888888885
4.283888888888889
4.225185185185185
5.734259259259259
5.0542592592592595
5.153333333333333
4.1524074074074075
3.948888888888889
5.300740740740741
5.1940740740740745
6.426296296296297
5.224074074074074
5.104629629629629
5.294814814814814
4.707037037037037
4.1322222222222225
4.6177777777777775
4.626111111111111
4.611851851851852
4.742222222222222
3.9988888888888887
3.8468518518518517
4.555185185185185
4.7774074074074075
4.194629629629629
4.409814814814815
4.346666666666667
4.264444444444444
3.756666666666667
4.476481481481481
4.735740740740741
4.273333333333333
4.425740740740741
4.630740740740741
5.128888888888889
4.622777777777777
3.995185185185185
4.058148148148148
3.9516666666666667
4.5814814814814815
4.120185185185186
3.8607407407407406
3.605185185185185
3.8814814814814813
4.1537037037037035
3.754814814814815
3.658888888888889
3.9703703703703703
3.738888888888889
3.9685185185185183
3.1464814814814814
3.9990740740740742
3.3612962962962962
3.8198148148148148
4.373703703703704
3.7237037037037037
4.072037037037037
3.4407407407407407
3.510740740740741
3.8133333333333335
4.0162962962962965
3.785185185185185
3.302037037037037
3.656851851851852
3.294814814814815
3.948148148148148
4.28962962962963
3.409074074074074
3.7885185185185186
3.67
3.1685185185185185
3.5842592592592593
3.6798148148148146
3.5524074074074075
3.183333333333333
3.372592592592593
3.156296296296296
3.4118518518518517
3.274814814814815
3.4783333333333335
3.2024074074074074
3.6083333333333334
3.900185185185185
3.0124074074074074
3.047222222222222
3.8174074074074076
3.045
3.4516666666666667
3.292777777777778
3.1198148148148146
3.276851851851852
3.372592592592593
3.8092592592592593
3.3053703703703703
3.322037037037037
2.8090740740740743
3.1857407407407408
3.165
3.3264814814814816
3.441851851851852
2.7685185185185186
3.2933333333333334
3.1785185185185183
3.827962962962963
3.1875925925925928
3.859259259259259
3.45
2.8016666666666667
3.361111111111111
3.2064814814814815
3.268148148148148
2.8672222222222223
3.262962962962963
3.3664814814814816
3.148888888888889
3.212962962962963
3.035
3.004074074074074
2.9055555555555554
3.315185185185185
2.7124074074074076
2.931111111111111
3.8538888888888887
3.185
3.4496296296296296
2.9792592592592593
2.907962962962963
2.9248148148148148
2.7894444444444444
3.705
2.7575925925925926
125.325
4.45537037037037
2.8666666666666667
3.9374074074074072
11.686851851851852
17.50925925925926
11.677222222222222
24.516666666666666
19.45388888888889
44.26518518518518
7.830555555555556
17.26537037037037
27.31277777777778
14.407962962962962
5.216296296296297
14.308333333333334
6.529814814814815
17.709444444444443
7.873888888888889
12.722592592592592
41.85444444444445
17.484444444444446
12.484814814814815
16.000185185185185
10.322962962962963
10.570185185185185
19.570740740740742
20.06925925925926
15.04962962962963
16.983333333333334
15.453148148148149
12.889444444444445
9.662222222222223
12.902407407407408
15.82537037037037
9.227407407407407
12.549074074074074
10.510925925925926
15.745555555555555
8.506481481481481
9.53462962962963
7.677037037037037
21.39962962962963
10.778888888888888
9.181111111111111
18.648888888888887
10.112592592592593
11.434074074074074
9.231666666666667
11.199074074074074
9.462962962962964
11.156851851851853
38.525740740740744
13.334074074074074
16.535555555555554
12.037037037037036
8.750555555555556
17.363333333333333
10.594814814814814
9.15037037037037
8.663703703703703
9.737962962962962
10.926851851851852
12.010185185185184
10.96111111111111
8.719444444444445
10.971111111111112
12.221296296296297
10.925740740740741
4.867037037037037
6.179444444444444
9.696666666666667
10.956851851851852
10.797777777777778
10.883333333333333
7.24574074074074
10.221296296296297
6.661666666666667
7.851666666666667
7.837777777777778
7.658518518518519
7.532407407407407
7.4309259259259255
8.697962962962963
11.441296296296295
10.127777777777778
11.741666666666667
11.298703703703703
9.045370370370371
8.454444444444444
7.4061111111111115
8.444074074074074
9.037962962962963
8.23425925925926
